 -4.1714218e+001
 -4.1668097e+001
 -4.1821218e+001
 -4.1697614e+001
 -4.1745580e+001
 -4.1778787e+001
 -4.1734511e+001
 -4.1764028e+001
 -4.1710528e+001
 -4.1745580e+001
 -4.1712373e+001
 -4.1629356e+001
 -4.1817528e+001
 -4.1669942e+001
 -4.1657028e+001
 -4.1795390e+001
 -4.1649649e+001
 -4.1657028e+001
 -4.1616442e+001
 -4.1478080e+001
 -4.1395063e+001
 -4.1205046e+001
 -4.1221649e+001
 -4.0946770e+001
 -4.0697719e+001
 -4.0681116e+001
 -4.0341668e+001
 -4.0122134e+001
 -4.0015134e+001
 -3.9614807e+001
 -3.9410031e+001
 -3.9103790e+001
 -3.8817842e+001
 -3.8530049e+001
 -3.8192446e+001
 -3.7965533e+001
 -3.7484033e+001
 -3.7151965e+001
 -3.6899224e+001
 -3.6425104e+001
 -3.6050604e+001
 -3.5748053e+001
 -3.5233347e+001
 -3.4264813e+001
 -3.3868176e+001
 -3.3442021e+001
 -3.2975281e+001
 -3.2455040e+001
 -3.2130351e+001
 -3.1672834e+001
 -3.1185800e+001
 -3.0951507e+001
 -3.0460784e+001
 -3.0091819e+001
 -2.9828009e+001
 -2.9486716e+001
 -2.9169406e+001
 -2.8936958e+001
 -2.8651010e+001
 -2.8398269e+001
 -2.8224856e+001
 -2.8069890e+001
 -2.7822684e+001
 -2.7671408e+001
 -2.7649270e+001
 -2.7518287e+001
 -2.7468477e+001
 -2.7390994e+001
 -2.7283995e+001
 -2.7248943e+001
 -2.7221271e+001
 -2.7317201e+001
 -2.7444494e+001
 -2.7569943e+001
 -2.7477701e+001
 -2.7474012e+001
 -2.7466632e+001
 -2.7488770e+001
 -2.7429736e+001
 -2.7437115e+001
 -2.7553339e+001
 -2.7426046e+001
 -2.7389150e+001
 -2.7542270e+001
 -2.7426046e+001
 -2.7474012e+001
 -2.7457408e+001
 -2.7450029e+001
 -2.7440805e+001
 -2.7433425e+001
 -2.7453719e+001
 -2.7429736e+001
 -2.7426046e+001
 -2.7534891e+001
 -2.7409443e+001
 -2.7387305e+001
 -2.7536736e+001
 -2.7405753e+001
 -2.7474012e+001
 -2.7464787e+001
 -2.7442650e+001
 -2.7459253e+001
 -2.7453719e+001
 -2.7488770e+001
 -2.7429736e+001
 -2.7475856e+001
 -2.7534891e+001
 -2.7306133e+001
 -2.7258167e+001
 -2.7365167e+001
 -2.7123495e+001
 -2.7012805e+001
 -2.6850461e+001
 -2.6641995e+001
 -2.6415082e+001
 -2.6153117e+001
 -2.5924358e+001
 -2.2893311e+001
 -2.3491034e+001
 -2.3005845e+001
 -2.2544639e+001
 -2.2155380e+001
 -2.1684950e+001
 -2.1225588e+001
 -2.0797589e+001
 -1.7796058e+001
 -1.7532248e+001
 -1.7235231e+001
 -1.6980646e+001
 -1.6691008e+001
 -1.6569250e+001
 -1.6477008e+001
 -1.6406905e+001
 -1.6456715e+001
 -1.6272233e+001
 -1.6342336e+001
 -1.6477008e+001
 -1.6366319e+001
 -1.6606146e+001
 -1.6679939e+001
 -1.6783249e+001
 -1.6988025e+001
 -1.7155904e+001
 -1.7408645e+001
 -1.7600507e+001
 -1.7855093e+001
 -1.8190851e+001
 -1.8268334e+001
 -1.8515540e+001
 -1.8897419e+001
 -1.9041315e+001
 -1.9393677e+001
 -1.9626125e+001
 -1.9832745e+001
 -2.0137142e+001
 -2.0367745e+001
 -2.0705348e+001
 -2.0906434e+001
 -2.1207140e+001
 -2.1439588e+001
 -2.1507847e+001
 -2.1675726e+001
 -2.1998570e+001
 -3.1912661e+001
 -3.2028885e+001
 -3.2475333e+001
 -3.2515919e+001
 -3.7699878e+001
 -3.7923102e+001
 -3.8220119e+001
 -3.8380619e+001
 -3.8768032e+001
 -3.9000480e+001
 -3.9334393e+001
 -3.9649858e+001
 -3.9780841e+001
 -4.0175634e+001
 -4.0603633e+001
 -4.0734616e+001
 -4.1134943e+001
 -4.1524201e+001
 -4.1874718e+001
 -4.2173579e+001
 -4.2529631e+001
 -4.2974233e+001
 -5.2818221e+001
 -5.3039600e+001
 -5.3371669e+001
 -5.3639168e+001
 -5.3949099e+001
 -5.4255340e+001
 -5.4458271e+001
 -5.4865977e+001
 -5.5065218e+001
 -5.5327183e+001
 -5.5709062e+001
 -5.5821597e+001
 -5.6380579e+001
 -5.6517096e+001
 -5.6708957e+001
 -5.7018888e+001
 -5.7258715e+001
 -5.7581560e+001
 -5.7860128e+001
 -5.8011404e+001
 -5.8463386e+001
 -5.8520576e+001
 -5.8741955e+001
 -5.9175489e+001
 -5.9286178e+001
 -5.9631161e+001
 -5.9828557e+001
 -6.0020419e+001
 -6.0258401e+001
 -6.0544349e+001
 -6.0778642e+001
 -6.1011090e+001
 -6.1177124e+001
 -6.1407727e+001
 -6.1415107e+001
 -6.1697365e+001
 -6.1933503e+001
 -6.2134589e+001
 -6.2385485e+001
 -6.2695415e+001
 -6.2914950e+001
 -6.3119725e+001
 -6.3383535e+001
 -6.3767259e+001
 -6.3877948e+001
 -6.4043983e+001
 -6.4385275e+001
 -6.4422172e+001
 -6.4730258e+001
 -6.4984844e+001
 -6.5879584e+001
 -6.6230101e+001
 -6.6368463e+001
 -6.6551100e+001
 -6.6805686e+001
 -6.6855496e+001
 -6.7193099e+001
 -6.7228151e+001
 -6.7307479e+001
 -6.7729944e+001
 -6.7672754e+001
 -6.8067547e+001
 -6.8263098e+001
 -6.8285236e+001
 -6.8659736e+001
 -6.8792563e+001
 -6.8969666e+001
 -6.9207649e+001
 -6.9275907e+001
 -6.9600596e+001
 -6.9606131e+001
 -6.9788769e+001
 -6.9954803e+001
 -6.9923441e+001
 -7.0209389e+001
 -7.0382802e+001
 -7.0264733e+001
 -7.0524854e+001
 -7.0602337e+001
 -7.0301630e+001
 -7.0225992e+001
 -7.0355130e+001
 -7.0550681e+001
 -7.0487957e+001
 -7.0705647e+001
 -7.0871681e+001
 -7.0784974e+001
 -7.0930715e+001
 -7.0877215e+001
 -7.0923336e+001
 -7.0963922e+001
 -7.0951008e+001
 -7.1058008e+001
 -7.0930715e+001
 -7.0853233e+001
 -7.0867991e+001
 -7.0665061e+001
 -7.0548837e+001
 -7.0583888e+001
 -7.0229682e+001
 -7.0122682e+001
 -6.9794303e+001
 -6.9425338e+001
 -6.9132011e+001
 -6.8680029e+001
 -6.8371943e+001
 -6.7812961e+001
 -6.7355444e+001
 -6.7003082e+001
 -6.6390600e+001
 -6.5958911e+001
 -6.5471877e+001
 -6.4868620e+001
 -6.4438775e+001
 -6.3879793e+001
 -6.3357708e+001
 -6.2909415e+001
 -6.2416847e+001
 -6.1955641e+001
 -6.1350538e+001
 -6.0940987e+001
 -3.0553025e+001
 -2.9912871e+001
 -2.9394475e+001
 -2.8968320e+001
 -2.8588286e+001
 -2.8171356e+001
 -2.7813459e+001
 -2.7341184e+001
 -2.6881823e+001
 -2.6391099e+001
 -2.5902220e+001
 -2.5310032e+001
 -2.4714153e+001
 -2.4269550e+001
 -2.3658913e+001
 -2.3214310e+001
 -2.2675621e+001
 -2.2194122e+001
 -2.1590864e+001
 -2.1092761e+001
 -2.0769917e+001
 -2.0188797e+001
 -1.9738659e+001
 -1.9268229e+001
 -1.8873436e+001
 -1.8436213e+001
 -1.8013748e+001
 -1.7729645e+001
 -1.7366214e+001
 -1.7076576e+001
 -1.6825680e+001
 -1.6565560e+001
 -1.6500991e+001
 -1.6462250e+001
 -1.6406905e+001
 -1.6338646e+001
 -1.6314664e+001
 -1.6368164e+001
 -1.6347870e+001
 -1.6434577e+001
 -1.6585853e+001
 -1.6631974e+001
 -1.6812766e+001
 -1.7008318e+001
 -1.7142990e+001
 -1.7416024e+001
 -1.7720420e+001
 -1.7923351e+001
 -1.8266489e+001
 -1.8533988e+001
 -1.8880816e+001
 -1.9140936e+001
 -1.9423194e+001
 -1.9775556e+001
 -2.0019073e+001
 -2.0312400e+001
 -2.0701658e+001
 -2.0849244e+001
 -2.1168399e+001
 -2.1428519e+001
 -2.1583485e+001
 -2.1673881e+001
 -2.1683105e+001
 -2.1930312e+001
 -2.2160915e+001
 -2.2266070e+001
 -2.2548328e+001
 -2.2642414e+001
 -2.2790000e+001
 -2.3105465e+001
 -2.3144207e+001
 -2.3478120e+001
 -2.3684741e+001
 -2.3758534e+001
 -2.3917189e+001
 -2.4118274e+001
 -2.4299067e+001
 -2.4461412e+001
 -2.4474326e+001
 -2.4590550e+001
 -2.4479860e+001
 -2.4466946e+001
 -2.4507533e+001
 -2.4164395e+001
 -2.3985447e+001
 -2.3701344e+001
 -2.3402482e+001
 -2.3013224e+001
 -2.2618432e+001
 -2.2253156e+001
 -2.1664657e+001
 -2.1177623e+001
 -2.0653693e+001
 -2.0035676e+001
 -1.9509901e+001
 -1.8998884e+001
 -1.8253575e+001
 -1.7672455e+001
 -1.7072887e+001
 -1.6504681e+001
 -1.5814716e+001
 -1.5148734e+001
 -1.4593442e+001
 -1.3857356e+001
 -1.3180306e+001
 -1.2595496e+001
 -1.1796687e+001
 -1.1204498e+001
 -1.0538516e+001
 -9.8116546e+000
 -9.2489829e+000
 -8.7398111e+000
 -8.2804496e+000
 -7.7491400e+000
 -7.3211405e+000
 -7.0296581e+000
 -6.5555380e+000
 -6.3230900e+000
 -6.0685041e+000
 -5.7714873e+000
 -5.6774012e+000
 -5.5279703e+000
 -5.3932981e+000
 -5.2936775e+000
 -5.2475569e+000
 -5.2530914e+000
 -5.1977466e+000
 -5.2069707e+000
 -5.3065913e+000
 -5.1719191e+000
 -5.2401776e+000
 -5.3379533e+000
 -5.2346431e+000
 -5.3231947e+000
 -5.3250396e+000
 -5.2678500e+000
 -5.3324189e+000
 -5.2992120e+000
 -6.0279180e+000
 -5.7954700e+000
 -5.8452803e+000
 -5.9504353e+000
 -5.8305217e+000
 -5.9301422e+000
 -6.0094697e+000
 -5.8729527e+000
 -5.9670388e+000
 -5.9412112e+000
 -5.8766423e+000
 -5.7733321e+000
 -4.6424542e+000
 -4.6682818e+000
 -4.5317647e+000
 -4.2956271e+000
 -4.0465757e+000
 -3.6148865e+000
 -3.3049559e+000
 -2.9046288e+000
 -2.3419571e+000
 -1.8955094e+000
 -1.3162343e+000
 -7.5171774e-001
 -1.1156338e-001
  5.6917714e-001
  1.1927281e+000
  1.9306582e+000
  2.7165537e+000
  3.3714667e+000
  4.2127070e+000
  4.9174303e+000
  5.6885672e+000
  6.5205834e+000
  7.2751170e+000
  8.0167367e+000
  8.7306841e+000
  9.4446315e+000
  1.0044200e+001
  1.0551527e+001
  1.1136336e+001
  1.1610456e+001
  1.2005249e+001
  1.2540248e+001
  1.2896300e+001
  1.3259730e+001
  1.3672971e+001
  1.3944160e+001
  1.4204281e+001
  1.3770747e+001
  1.3977367e+001
  1.4067764e+001
  1.4029022e+001
  1.4121263e+001
  1.4041936e+001
  1.3113989e+001
  1.3230213e+001
  1.2829886e+001
  1.2713662e+001
  1.2595593e+001
  1.2189731e+001
  1.1852128e+001
  1.1361405e+001
  1.1191681e+001
  1.0870681e+001
  1.0308010e+001
  1.0160424e+001
  9.5479417e+000
  9.0701319e+000
  8.8672012e+000
  8.2953053e+000
  7.8304094e+000
  7.3839616e+000
  6.8821692e+000
  6.4098939e+000
  5.8343084e+000
  5.5889467e+000
  6.6183592e+000
  5.9025670e+000
  5.3933952e+000
  4.7403271e+000
  4.2662070e+000
  3.5928457e+000
  2.9692948e+000
  2.4951747e+000
  1.9657099e+000
  1.4583829e+000
  9.4552149e-001
  2.7584992e-001
 -4.3304846e-002
 -6.4840753e-001
 -1.2774929e+000
 -1.6925786e+000
 -2.4139053e+000
 -2.9120081e+000
 -3.3307835e+000
 -3.9561792e+000
 -4.5022475e+000
 -5.2088156e+000
 -5.6755564e+000
 -6.2714349e+000
 -6.9724685e+000
 -7.3617266e+000
 -7.9723638e+000
 -8.6697078e+000
 -9.0608107e+000
 -9.7526202e+000
 -1.0237809e+001
 -1.0713774e+001
 -1.1285670e+001
 -1.1861255e+001
 -1.2449755e+001
 -1.2864840e+001
 -1.3342650e+001
 -1.3960667e+001
 -1.4263218e+001
 -1.4866476e+001
 -1.5335061e+001
 -1.5648682e+001
 -1.6240871e+001
 -1.6661491e+001
 -1.7096870e+001
 -1.7709352e+001
 -1.8259109e+001
 -1.8901109e+001
 -1.9353091e+001
 -2.0028297e+001
 -2.0718262e+001
 -2.1197916e+001
 -2.1950605e+001
 -2.2596294e+001
 -2.2996621e+001
 -2.3758534e+001
 -2.4371016e+001
 -2.4883877e+001
 -2.5488980e+001
 -3.1152593e+001
 -3.1490196e+001
 -3.1602731e+001
 -3.1995678e+001
 -3.2416298e+001
 -3.2576798e+001
 -3.2975281e+001
 -3.3200349e+001
 -3.3477073e+001
 -3.3829435e+001
 -3.4148589e+001
 -3.4508330e+001
 -3.4705727e+001
 -3.5078381e+001
 -3.5443657e+001
 -3.5701932e+001
 -3.6183432e+001
 -3.6644638e+001
 -3.6926896e+001
 -3.7460051e+001
 -3.7838240e+001
 -3.8209050e+001
 -3.8771722e+001
 -3.9175738e+001
 -3.9655393e+001
 -3.9976392e+001
 -4.0456047e+001
 -4.0908029e+001
 -4.1088822e+001
 -4.1574011e+001
 -4.1906080e+001
 -4.2000166e+001
 -4.2393113e+001
 -4.2439234e+001
 -4.2452148e+001
 -4.2616337e+001
 -2.0299486e+001
 -1.9889935e+001
 -1.9755263e+001
 -1.9410280e+001
 -1.9126177e+001
 -1.9131712e+001
 -1.8831005e+001
 -1.8607781e+001
 -1.8336592e+001
 -1.8257265e+001
 -1.8117058e+001
 -1.7799748e+001
 -1.7729645e+001
 -1.7620800e+001
 -1.7214938e+001
 -1.7220473e+001
 -1.6951128e+001
 -1.6703922e+001
 -1.6536043e+001
 -1.6174457e+001
 -1.5820250e+001
 -1.5410699e+001
 -1.5086010e+001
 -1.4720735e+001
 -1.4095339e+001
 -1.3600926e+001
 -1.2981064e+001
 -1.2248669e+001
 -1.1798531e+001
 -1.1106722e+001
 -1.0416757e+001
 -9.8577752e+000
 -9.2655863e+000
 -8.7508801e+000
 -8.0959671e+000
 -7.7159331e+000
 -7.2584164e+000
 -6.6828310e+000
 -6.3562969e+000
 -5.9449008e+000
 -5.5870047e+000
 -5.4301946e+000
 -5.1774535e+000
 -4.9745228e+000
 -4.8564539e+000
 -4.7162472e+000
 -4.5428337e+000
 -4.3399029e+000
 -4.2347478e+000
 -4.0318171e+000
 -3.6702313e+000
 -3.4599212e+000
 -3.0632838e+000
 -2.6223706e+000
 -2.3585605e+000
 -1.8955094e+000
 -1.4343031e+000
 -9.1037272e-001
 -5.3956284e-001
 -1.1894268e-001
  4.7140140e-001
  8.1084925e-001
  1.3679865e+000
  2.0395029e+000
  2.4232265e+000
  2.9563810e+000
  3.4858459e+000
  3.8806385e+000
  4.4765170e+000
  4.9838440e+000
  5.5963260e+000
  6.0206358e+000
  6.4504801e+000
  7.1183068e+000
  7.5702890e+000
  8.1292711e+000
  8.7085462e+000
  9.1254767e+000
  9.7545621e+000
  1.0224993e+001
  1.0712026e+001
  1.1304215e+001
  1.1848439e+001
  1.2479369e+001
  1.2861248e+001
  1.3411006e+001
  1.4097281e+001
  1.4534504e+001
  1.5132228e+001
  1.5737330e+001
  1.6191157e+001
  1.6853450e+001
  1.7346018e+001
  1.7836742e+001
  1.8417862e+001
  1.8952861e+001
  1.9506308e+001
  1.9860515e+001
  2.0334635e+001
  2.1046738e+001
  2.1327151e+001
  2.1790202e+001
  2.2225581e+001
  2.5302749e+001
  2.5843283e+001
  2.5896783e+001
  2.6169817e+001
  2.6420713e+001
  2.6607041e+001
  2.9287572e+001
  2.9560606e+001
  2.9748778e+001
  2.9957244e+001
  3.0147261e+001
  3.0412915e+001
  3.0700708e+001
  3.0933156e+001
  3.1222794e+001
  3.1538259e+001
  3.1868482e+001
  3.2106465e+001
  3.2488344e+001
  3.2855464e+001
  3.3082378e+001
  3.3462412e+001
  3.3884876e+001
  3.4150531e+001
  3.4632031e+001
  3.5000996e+001
  3.5381030e+001
  3.5847771e+001
  3.6201977e+001
  3.6655804e+001
  3.7013700e+001
  3.7478596e+001
  3.7996992e+001
  3.8308767e+001
  3.8832698e+001
  3.9338180e+001
  3.9716369e+001
  4.0146213e+001
  4.0594506e+001
  4.0945023e+001
  4.1395160e+001
  4.1797332e+001
  4.2264073e+001
  4.2629348e+001
  4.3055503e+001
  4.3579433e+001
  4.3835864e+001
  4.4356105e+001
  4.4937225e+001
  4.5298810e+001
  4.5807982e+001
  4.6300550e+001
  4.6711947e+001
  4.7232187e+001
  4.7706307e+001
  4.8302186e+001
  4.8709892e+001
  4.9261495e+001
  4.9877667e+001
  5.0255856e+001
  5.0807459e+001
  5.1443923e+001
  5.1831337e+001
  5.2397698e+001
  5.2899490e+001
  5.3460317e+001
  5.4013765e+001
  4.8516186e+001
  9.1258942e+001
  9.1876959e+001
  9.2290199e+001
  9.2607509e+001
  9.3026285e+001
  9.3219991e+001
  9.3657215e+001
  9.3978214e+001
  9.4214352e+001
  9.4605455e+001
  9.4760420e+001
  9.5120161e+001
  9.5431937e+001
  9.5631178e+001
  9.5968781e+001
  9.6085005e+001
  9.6306384e+001
  9.6736228e+001
  9.6834004e+001
  9.7059073e+001
  9.7236176e+001
  9.7333952e+001
  9.7487072e+001
  9.7522124e+001
  9.7752727e+001
  9.7780399e+001
  9.7798848e+001
  9.7961192e+001
  9.7859727e+001
  9.7953813e+001
  9.8132761e+001
  9.8070037e+001
  9.8092175e+001
  9.8108778e+001
  9.8129071e+001
  9.8165968e+001
  9.8154899e+001
  9.8306175e+001
  9.8265588e+001
  9.8282192e+001
  9.8426088e+001
  9.8361519e+001
  9.8507260e+001
  9.8579209e+001
  9.8588433e+001
  9.8586588e+001
  9.8569985e+001
  9.8623484e+001
  9.8662226e+001
  9.8601347e+001
  9.6902263e+001
  9.6763901e+001
  9.6701177e+001
  9.6924400e+001
  9.6647677e+001
  9.6765745e+001
  9.6861676e+001
  9.6701177e+001
  9.6682728e+001
  9.6487177e+001
  9.6533297e+001
  9.6452125e+001
  9.6254729e+001
  9.6452125e+001
  9.6101608e+001
  9.5926350e+001
  9.6005677e+001
  9.5577678e+001
  9.5572143e+001
  9.5550006e+001
  9.5249299e+001
  9.5070351e+001
  9.4767800e+001
  9.4812075e+001
  9.4470783e+001
  9.4127645e+001
  9.5548161e+001
  9.3683042e+001
  9.5485437e+001
  9.5288040e+001
  9.4861886e+001
  9.4577783e+001
  9.4275231e+001
  9.3943163e+001
  9.3745766e+001
  9.3358353e+001
  9.3225526e+001
  9.2817819e+001
  9.2437785e+001
  9.2284665e+001
  9.1810545e+001
  9.1563338e+001
  9.1354873e+001
  9.0851236e+001
  9.0624322e+001
  9.0251667e+001
  8.9805220e+001
  8.9535875e+001
  8.9034083e+001
  8.8748135e+001
  8.8189153e+001
  8.7768533e+001
  8.7471516e+001
  8.6903310e+001
  8.6573086e+001
  8.6180138e+001
  8.5650673e+001
  8.5252191e+001
  8.4707968e+001
  8.4311330e+001
  8.3861193e+001
  8.3363090e+001
  8.2973832e+001
  8.2394557e+001
  8.1938885e+001
  8.1534868e+001
  8.0931610e+001
  8.0503611e+001
  8.0016577e+001
  7.9448371e+001
  7.8957647e+001
  7.8343320e+001
  7.7848907e+001
  7.7395080e+001
  7.6745702e+001
  7.6245754e+001
  7.5518893e+001
  7.4972825e+001
  7.4528222e+001
  7.3841947e+001
  7.3284810e+001
  7.2696310e+001
  7.0469606e+001
  6.9912469e+001
  6.9145022e+001
  6.8779746e+001
  6.8150661e+001
  6.7342627e+001
  6.6942300e+001
  6.6051250e+001
  6.5490423e+001
  5.2028733e+001
  5.1689285e+001
  5.1047286e+001
  5.0776097e+001
  5.0333338e+001
  4.9831546e+001
  4.9388788e+001
  3.0674881e+001
  2.4627543e+001
  2.4426457e+001
  2.4190320e+001
  2.4238285e+001
  2.4566664e+001
  2.3609200e+001
  2.3539096e+001
  2.3336166e+001
  2.3253149e+001
  2.3031769e+001
  2.2839908e+001
  2.2762425e+001
  2.2458029e+001
  2.2395305e+001
  2.2253253e+001
  2.2030029e+001
  2.1830788e+001
  2.1590961e+001
  2.1487651e+001
  1.6207761e+001
  1.5859089e+001
  1.5445848e+001
  1.4886866e+001
  5.3989297e+000
  4.8639303e+000
  4.3307758e+000
  3.8695695e+000
  3.2810703e+000
  2.6501400e+000
  2.2387440e+000
  1.6594689e+000
  1.1226247e+000
  6.2083225e-001
  4.1557116e-002
 -5.1926976e-001
 -1.1151483e+000
 -1.6132511e+000
 -2.1814573e+000
 -2.7127670e+000
 -3.1924216e+000
 -3.7864553e+000
 -4.3122305e+000
 -4.7365403e+000
 -5.3250396e+000
 -5.7825562e+000
 -6.3083314e+000
 -6.8359514e+000
 -7.2953129e+000
 -7.8524502e+000
 -8.3044324e+000
 -8.8431213e+000
 -9.4039482e+000
 -9.7747581e+000
 -1.0328206e+001
 -1.0861360e+001
 -1.1285670e+001
 -1.1792997e+001
 -1.2261583e+001
 -1.2815030e+001
 -1.3350029e+001
 -1.3840753e+001
 -1.4414494e+001
 -1.4816666e+001
 -1.5418079e+001
 -1.5967836e+001
 -1.6384767e+001
 -1.6965887e+001
 -1.7486128e+001
 -1.7858782e+001
 -1.8419609e+001
 -1.8895574e+001
 -1.9428729e+001
 -1.9906538e+001
 -2.0389883e+001
 -2.0915658e+001
 -2.1336278e+001
 -2.1904484e+001
 -2.2513276e+001
 -2.2878552e+001
 -2.3511327e+001
 -2.3943016e+001
 -2.4387619e+001
 -2.4918929e+001
 -2.5238083e+001
 -2.5660548e+001
 -2.6226910e+001
 -2.6732392e+001
 -2.7282150e+001
 -2.7671408e+001
 -3.7408396e+001
 -3.7784740e+001
 -3.8172153e+001
 -3.8596463e+001
 -3.9002325e+001
 -3.9299342e+001
 -3.9596358e+001
 -3.9941341e+001
 -4.0179323e+001
 -4.0596254e+001
 -4.0869288e+001
 -4.1003960e+001
 -4.1299132e+001
 -4.1559252e+001
 -4.1747425e+001
 -4.1983562e+001
 -4.2206786e+001
 -4.2442924e+001
 -4.2596044e+001
 -4.2968699e+001
 -4.3112595e+001
 -4.3263871e+001
 -4.3592250e+001
 -4.3719543e+001
 -4.3856060e+001
 -4.4099577e+001
 -4.4178904e+001
 -7.6625691e+001
 -7.6081468e+001
 -7.5714347e+001
 -7.5338003e+001
 -7.5018848e+001
 -7.4690469e+001
 -7.4083522e+001
 -7.3629695e+001
 -7.3221988e+001
 -6.4938723e+001
 -6.5401774e+001
 -6.5313223e+001
 -6.5315067e+001
 -6.5410998e+001
 -6.5848222e+001
 -6.5554895e+001
 -6.5739377e+001
 -6.5752291e+001
 -6.5709860e+001
 -6.5827929e+001
 -6.5792877e+001
 -6.5591791e+001
 -6.5661894e+001
 -6.5517998e+001
 -6.5403619e+001
 -6.4554999e+001
 -6.4276431e+001
 -6.4156517e+001
 -6.4010776e+001
 -6.3704535e+001
 -6.3697156e+001
 -6.3324501e+001
 -4.4926059e+001
 -4.4129094e+001
 -4.3250957e+001
 -4.2662458e+001
 -4.1944821e+001
 -4.1332339e+001
 -4.0784426e+001
 -4.0247582e+001
 -3.9731031e+001
 -3.9076118e+001
 -3.8504222e+001
 -3.7888050e+001
 -3.7203620e+001
 -3.6753483e+001
 -3.6216639e+001
 -1.9384453e+001
 -1.9349401e+001
 -1.9177832e+001
 -1.8958298e+001
 -1.8871591e+001
 -1.8605937e+001
 -1.8288627e+001
 -1.8100454e+001
 -1.7781300e+001
 -1.7427093e+001
 -1.7050749e+001
 -1.6615370e+001
 -1.6071147e+001
  4.2348449e+000
  4.6776030e+000
  5.0963783e+000
  5.4616537e+000
  5.7955671e+000
  6.1737563e+000
  6.5427213e+000
  6.7198246e+000
  7.0684965e+000
  7.4632891e+000
  7.5961166e+000
  7.8839093e+000
  8.1292711e+000
  8.3303570e+000
  8.5978567e+000
  8.9077873e+000
  9.1347008e+000
  9.4077350e+000
  9.7398035e+000
  1.0084786e+001
  1.0287717e+001
  1.0739699e+001
  1.1106819e+001
  1.1328198e+001
  1.1728525e+001
  1.2152835e+001
  1.2464610e+001
  1.2896300e+001
  2.3646096e+001
  2.4098078e+001
  2.4253044e+001
  2.4323147e+001
  2.4396940e+001
  2.4598026e+001
  2.4734543e+001
  2.4682888e+001
  2.4944853e+001
  2.5085060e+001
  2.5112732e+001
  2.5241870e+001
  2.5393146e+001
  2.5487232e+001
  2.5653266e+001
  2.5832214e+001
  2.5998249e+001
  2.5942904e+001
  2.6186421e+001
  2.6409645e+001
  2.6452076e+001
  2.6736179e+001
  2.6983385e+001
  2.7090385e+001
  2.7319143e+001
  2.7605091e+001
  2.7776660e+001
  2.8009108e+001
  2.8250780e+001
  2.8474004e+001
  2.8617900e+001
  2.8962883e+001
  2.9250675e+001
  2.9413020e+001
  2.9802278e+001
  3.0058709e+001
  3.0337278e+001
  3.0656432e+001
  3.1064139e+001
  3.1396207e+001
  3.1726431e+001
  3.2147051e+001
  3.2442223e+001
  3.2800119e+001
  3.3336963e+001
  3.3637670e+001
  3.3279774e+001
  3.3759428e+001
  3.4113635e+001
  3.4453083e+001
  3.4851565e+001
  3.5240823e+001
  3.5700185e+001
  3.6032253e+001
  3.6447339e+001
  3.6762804e+001
  3.6956511e+001
  3.7467527e+001
  3.7838337e+001
  3.7993302e+001
  3.8443440e+001
  3.8762594e+001
  3.9220111e+001
  3.9474697e+001
  3.9845507e+001
  4.0255058e+001
  4.0959781e+001
  4.1384091e+001
  4.1764125e+001
  4.2005797e+001
  4.2448555e+001
  4.2789848e+001
  4.3077641e+001
  4.3466899e+001
  4.3767605e+001
  4.4180846e+001
  4.4476018e+001
  4.4802552e+001
  4.5188121e+001
  4.5439017e+001
  4.5861482e+001
  4.6239671e+001
  4.6501636e+001
  4.6983136e+001
  4.7322584e+001
  4.7650963e+001
  4.8053134e+001
  4.8388893e+001
  4.8850099e+001
  4.9178478e+001
  4.9525305e+001
  4.9960684e+001
  5.0263235e+001
  5.0800079e+001
  5.1183803e+001
  5.1473441e+001
  5.1991836e+001
  5.2392163e+001
  5.2796180e+001
  5.3364386e+001
  5.3746265e+001
  5.4312627e+001
  5.4674212e+001
  5.5109591e+001
  5.5687021e+001
  5.6050452e+001
  5.6520882e+001
  5.6915675e+001
  5.7316002e+001
  5.7910036e+001
  5.8387846e+001
  5.8935759e+001
  5.9957792e+001
  6.0542601e+001
  6.1103428e+001
  6.1575704e+001
  6.7741110e+001
  6.4652872e+001
  6.5191561e+001
  6.5864922e+001
  6.6224663e+001
  6.6798404e+001
  6.7517886e+001
  6.7763248e+001
  6.8449523e+001
  6.9012194e+001
  6.9204056e+001
  6.9903245e+001
  8.5879432e+001
  8.7770377e+001
  8.8336739e+001
  8.8956600e+001
  8.9428875e+001
  9.0157581e+001
  9.0856770e+001
  9.1452649e+001
  9.2185044e+001
  9.2729268e+001
  9.3192319e+001
  9.3742077e+001
  9.4153473e+001
  9.4583317e+001
  9.4915386e+001
  9.5181041e+001
  9.5479902e+001
  9.5644092e+001
  9.5989074e+001
  9.6269487e+001
  9.6372798e+001
  9.6736228e+001
  9.6798952e+001
  9.6963142e+001
  9.7262003e+001
  9.7392986e+001
  9.7551641e+001
  9.7592227e+001
  9.7686313e+001
  9.7778555e+001
  9.7743503e+001
  9.7678934e+001
  9.7715830e+001
  9.7579313e+001
  9.7577469e+001
  9.7509210e+001
  9.7439107e+001
  9.7389296e+001
  9.7226952e+001
  9.7051693e+001
  9.6798952e+001
  9.6472418e+001
  9.6227056e+001
  9.5806436e+001
  9.5583212e+001
  9.5225316e+001
  9.4671869e+001
  9.4360093e+001
  9.3858301e+001
  9.3445060e+001
  9.3031819e+001
  9.2585371e+001
  9.2157372e+001
  9.1605769e+001
  9.1225735e+001
  9.0779287e+001
  9.0179719e+001
  8.9866099e+001
  8.9286824e+001
  8.8729687e+001
  8.8255567e+001
  8.7762998e+001
  8.7270430e+001
  8.6763103e+001
  8.6277914e+001
  8.5844380e+001
  8.5274329e+001
  8.5027122e+001
  5.9125776e+001
  5.8651656e+001
  5.8168311e+001
  5.7518933e+001
  5.7054037e+001
  5.6354848e+001
  5.5746056e+001
  5.5262712e+001
  5.4661299e+001
  5.4065420e+001
  5.3489835e+001
  5.2884732e+001
  5.2342353e+001
  5.1674526e+001
  5.1183803e+001
  5.0573166e+001
  4.9910874e+001
  4.9394322e+001
  4.8695134e+001
  4.8047600e+001
  4.7505221e+001
  4.6879826e+001
  4.6276568e+001
  4.5641948e+001
  4.5007328e+001
  4.4512915e+001
  4.3893054e+001
  4.3459520e+001
  4.2863641e+001
  4.2383986e+001
  3.4947496e+001
  3.4587755e+001
  3.4283359e+001
  3.3777877e+001
  3.3462412e+001
  3.3183843e+001
  3.2789050e+001
  3.2510482e+001
  3.2218999e+001
  3.1829741e+001
  3.1612052e+001
  3.1235707e+001
  3.0933156e+001
  3.0617691e+001
  3.0300381e+001
  3.0056864e+001
  2.9687899e+001
  2.9507106e+001
  2.9352141e+001
  2.9068038e+001
  2.8907538e+001
  2.8739659e+001
  2.8604987e+001
  2.8555176e+001
  2.8398366e+001
  2.8219418e+001
  2.8073677e+001
  2.7907643e+001
  2.7798798e+001
  2.7579264e+001
  2.7416919e+001
  2.7306230e+001
  2.6966782e+001
  2.6826575e+001
  2.6544317e+001
  2.6295265e+001
  2.6208559e+001
  2.5854352e+001
  2.5614525e+001
  2.5380232e+001
  2.5085060e+001
  2.4972526e+001
  2.4609095e+001
  2.4360044e+001
  2.4142354e+001
  2.3832424e+001
  2.3557545e+001
  2.3254993e+001
  2.3029925e+001
  2.2723684e+001
  2.2410063e+001
  2.2118581e+001
  2.1854771e+001
  2.1690582e+001
  2.1452599e+001
  2.1000617e+001
  2.1388030e+001
  1.4873952e+001
  1.4923762e+001
  1.4667332e+001
  1.4250401e+001
  1.3864833e+001
  1.3418385e+001
  1.3042041e+001
  1.2531024e+001
  1.2182352e+001
  1.1794939e+001
  1.1248871e+001
  1.0234217e+001
  9.8062172e+000
  9.5055107e+000
  9.0848905e+000
  8.8063219e+000
  8.3377363e+000
  7.9281851e+000
  7.6662199e+000
  7.0260655e+000
  6.7253590e+000
  6.4744628e+000
  5.8951877e+000
  5.5797225e+000
  5.1258955e+000
  4.7716891e+000
  4.4968101e+000
  4.1407588e+000
  3.8363627e+000
  3.3013633e+000
  2.7700537e+000
  2.5062437e+000
  1.9675547e+000
  1.4971242e+000
  1.0838834e+000
  6.1529777e-001
  2.2603964e-001
 -2.4070115e-001
 -7.0006264e-001
 -1.1409759e+000
 -1.6298546e+000
 -1.9969748e+000
 -2.5578017e+000
 -2.9655081e+000
 -3.3068007e+000
 -3.8584035e+000
 -4.2845581e+000
 -4.7273162e+000
 -5.1774535e+000
 -5.5519531e+000
 -6.0334525e+000
 -6.4799002e+000
 -6.9392617e+000
 -7.3949335e+000
 -7.7657434e+000
 -8.3616219e+000
 -8.7988455e+000
 -9.2305346e+000
 -9.8356373e+000
 -1.0304223e+001
 -1.0822619e+001
 -1.1296739e+001
 -1.1970100e+001
 -1.2510634e+001
 -1.3003202e+001
 -1.3584322e+001
 -1.4128546e+001
 -1.4578683e+001
 -1.5150579e+001
 -1.5635768e+001
 -1.6178147e+001
 -1.6753732e+001
 -1.7309024e+001
 -1.7805282e+001
 -1.8272023e+001
 -1.8829160e+001
 -1.9360470e+001
 -1.9823521e+001
 -2.0367745e+001
 -2.0793899e+001
 -2.1190537e+001
 -2.1736605e+001
 -2.2203346e+001
 -2.2686690e+001
 -2.3241982e+001
 -3.1755851e+001
 -3.2390471e+001
 -3.2764970e+001
 -3.3157918e+001
 -3.3519504e+001
 -3.3847883e+001
 -3.4467744e+001
 -3.4934485e+001
 -3.5515605e+001
 -3.5974966e+001
 -3.6497052e+001
 -3.7006224e+001
 -3.7480344e+001
 -3.8096515e+001
 -3.8557722e+001
 -3.9052135e+001
 -3.9657238e+001
 -4.0094461e+001
 -4.0629461e+001
 -4.1265925e+001
 -4.2002011e+001
 -4.2398648e+001
 -4.2987147e+001
 -2.3125758e+001
 -2.2845345e+001
 -2.2574156e+001
 -2.2312191e+001
 -2.1994881e+001
 -2.1688640e+001
 -2.1489398e+001
 -2.1109364e+001
 -2.0751468e+001
 -2.0661072e+001
 -2.0325314e+001
 -2.0209090e+001
 -2.0305021e+001
 -2.0109469e+001
 -2.0151900e+001
 -2.0168504e+001
 -2.0249676e+001
 -2.0345607e+001
 -2.0341917e+001
 -2.0522710e+001
 -2.0450762e+001
 -2.0356676e+001
 -2.0624175e+001
 -2.0412021e+001
 -7.6511701e-002
  3.2750503e-001
  7.5550449e-001
  1.2019522e+000
  1.7074343e+000
  2.0708649e+000
  2.7276227e+000
  3.2054324e+000
  3.5725527e+000
  4.2496035e+000
  4.6443961e+000
  5.1424990e+000
  5.7734292e+000
  6.2014287e+000
  6.7179797e+000
  7.1718067e+000
  7.7529267e+000
  8.2787019e+000
  8.7159255e+000
  9.3948212e+000
  9.8670964e+000
  1.0287717e+001
  1.0957388e+001
  1.1409370e+001
  1.1905628e+001
  1.2551317e+001
  1.3045730e+001
  1.3536454e+001
  1.4047470e+001
  1.4650728e+001
  1.5165435e+001
  1.5515951e+001
  1.6074933e+001
  1.6550898e+001
  1.6886657e+001
  1.7399518e+001
  1.7696535e+001
  1.7958500e+001
  1.8207551e+001
  1.8333000e+001
  1.8511948e+001
  1.8606034e+001
  1.8914120e+001
  1.9022964e+001
  1.9185309e+001
  1.9511843e+001
  1.9653894e+001
  1.9829153e+001
  2.0246083e+001
  2.0445324e+001
  2.0696221e+001
  2.1059651e+001
  2.5055543e+001
  2.4732698e+001
  2.4697647e+001
  2.4712405e+001
  2.4869215e+001
  2.4887664e+001
  2.4952233e+001
  2.5123801e+001
  2.5151474e+001
  2.5243715e+001
  2.5313818e+001
  2.5529663e+001
  2.5708611e+001
  2.5804542e+001
  2.6105248e+001
  2.6164283e+001
  2.6310024e+001
  2.6568300e+001
  2.6752782e+001
  2.6976006e+001
  2.7354195e+001
  2.7601402e+001
  2.7795108e+001
  2.8022022e+001
  2.8283987e+001
  2.8481383e+001
  2.8700918e+001
  2.9108624e+001
  2.9186107e+001
  2.9339227e+001
  2.9619640e+001
  2.9793054e+001
  3.0019968e+001
  3.0324364e+001
  3.0494088e+001
  3.0730225e+001
  3.0885191e+001
  3.1298431e+001
  3.1420190e+001
  3.1595448e+001
  3.2012379e+001
  3.2143361e+001
  3.2373965e+001
  3.2722637e+001
  3.2888671e+001
  3.3217050e+001
  3.3488239e+001
  3.3700394e+001
  3.3977118e+001
  3.3997411e+001
  3.4430945e+001
  3.4654169e+001
  3.4766703e+001
  3.5107996e+001
  3.5216840e+001
  3.5423461e+001
  3.5600564e+001
  3.5694650e+001
  3.5764753e+001
  3.5856995e+001
  3.5975064e+001
  3.5954770e+001
  3.5962150e+001
  3.6096822e+001
  3.6045167e+001
  3.5999046e+001
  3.6094977e+001
  3.6080219e+001
  3.6085753e+001
  3.6135563e+001
  3.6113425e+001
  3.6137408e+001
  3.6166925e+001
  3.6203822e+001
  3.6168770e+001
  3.6126339e+001
  3.6279460e+001
  3.6183529e+001
  3.6189063e+001
  3.6380925e+001
  3.6401218e+001
  3.6397528e+001
  3.6439959e+001
  3.6491615e+001
  3.6558028e+001
  3.6712994e+001
  3.7046907e+001
  3.7111476e+001
  3.7373441e+001
  3.7808820e+001
  3.8343819e+001
  3.8766284e+001
  3.9205353e+001
  3.9592766e+001
  4.0009696e+001
  4.0448765e+001
  4.0970850e+001
  4.1371177e+001
  4.1861901e+001
  4.2420883e+001
  4.2749262e+001
  4.3225227e+001
  4.3793433e+001
  4.4145795e+001
  4.4675259e+001
  4.5099569e+001
  4.5568155e+001
  4.6060723e+001
  4.6444447e+001
  4.6962843e+001
  4.7409290e+001
  4.7829911e+001
  4.8409186e+001
  4.8826116e+001
  4.9270719e+001
  4.9811253e+001
  5.0377614e+001
  5.0910769e+001
  5.1368285e+001
  5.1779682e+001
  5.2246422e+001
  5.2655973e+001
  5.2999111e+001
  5.3270300e+001
  5.3480610e+001
  5.3785007e+001
  5.3829282e+001
  5.3941817e+001
  5.4078334e+001
  5.4024834e+001
  5.4058041e+001
  5.4058041e+001
  5.4026679e+001
  5.4074644e+001
  5.4058041e+001
  5.4091248e+001
  5.4072799e+001
  5.4050661e+001
  5.4161351e+001
  5.4078334e+001
  5.4128144e+001
  5.4152127e+001
  5.4144747e+001
  5.4142903e+001
  5.4181644e+001
  5.4159506e+001
  5.4166885e+001
  5.4190868e+001
  5.4340299e+001
  5.4391954e+001
  5.4450988e+001
  5.4617023e+001
  5.4701885e+001
  5.4825488e+001
  5.4987833e+001
  5.5205522e+001
  5.5353108e+001
  5.5574487e+001
  5.5823538e+001
  5.6072590e+001
  5.6323486e+001
  5.6738572e+001
  5.7006071e+001
  5.7349209e+001
  5.7745846e+001
  5.8092674e+001
  5.8504070e+001
  5.8858276e+001
  5.9234620e+001
  5.9550085e+001
  5.9963326e+001
  6.0468808e+001
  6.0935549e+001
  6.1494531e+001
  6.2053513e+001
  6.2461220e+001
  6.3101374e+001
  6.3715701e+001
  6.4269149e+001
  6.4918527e+001
  6.5457216e+001
  6.6091836e+001
  6.6700628e+001
  6.7231938e+001
  6.7968023e+001
  6.8549143e+001
  6.9200366e+001
  6.9940141e+001
  7.0100641e+001
  7.6459754e+001
  9.7553486e+001
  9.7702917e+001
  9.7533193e+001
  9.7354245e+001
  9.7068297e+001
  9.6935469e+001
  9.6979745e+001
  9.6734383e+001
  9.6704866e+001
  9.6684573e+001
  9.6453970e+001
  9.6330367e+001
  9.6147729e+001
  9.6101608e+001
  9.6011212e+001
  9.5839643e+001
  9.5819350e+001
  9.5616419e+001
  9.5409799e+001
  9.5341540e+001
  9.5029765e+001
  9.4991024e+001
  9.4741972e+001
  9.4468938e+001
  9.4330576e+001
  9.3963456e+001
  9.3799266e+001
  9.3574198e+001
  9.3279026e+001
  9.3096388e+001
  9.2716354e+001
  9.2447010e+001
  9.2280975e+001
  9.1816079e+001
  9.1655579e+001
  9.1347494e+001
  9.0882598e+001
  9.0513633e+001
  9.0096702e+001
  8.9855030e+001
  8.8748135e+001
  8.8371791e+001
  8.8137498e+001
  8.7548998e+001
  8.7143137e+001
  8.6873792e+001
  8.6336948e+001
  8.6217035e+001
  8.5801949e+001
  8.5348122e+001
  8.4949640e+001
  8.4486589e+001
  8.4222779e+001
  8.3752348e+001
  8.3292987e+001
  8.3007039e+001
  8.2418539e+001
  8.2086471e+001
  8.1794988e+001
  8.1684299e+001
  8.1320868e+001
  8.0902093e+001
  8.0446421e+001
  8.0059008e+001
  7.9525853e+001
  7.9153199e+001
  7.8688303e+001
  7.8127476e+001
  7.7756666e+001
  7.7090684e+001
  7.6743857e+001
  7.6254978e+001
  7.5668324e+001
  7.5183135e+001
  7.4585411e+001
  7.4111291e+001
  7.3602119e+001
  7.3150137e+001
  7.2712914e+001
  7.2233259e+001
  7.1713018e+001
  7.1358812e+001
  7.0858864e+001
  7.0458537e+001
  7.0065589e+001
  6.9532435e+001
  6.9082298e+001
  6.8637695e+001
  6.8265040e+001
  6.7934816e+001
  6.7477300e+001
  6.7156300e+001
  6.6637904e+001
  6.6211750e+001
  6.5916577e+001
  6.5381578e+001
  6.5077182e+001
  5.7458054e+001
  5.7159192e+001
  5.6638951e+001
  5.6209107e+001
  5.5627987e+001
  5.5024729e+001
  5.4580126e+001
  5.3980558e+001
  5.3508283e+001
  5.3015714e+001
  5.2384784e+001
  5.1951250e+001
  5.1399647e+001
  5.0873872e+001
  5.0333338e+001
  4.9789115e+001
  4.9403547e+001
  4.8850099e+001
  4.8304031e+001
  4.7936910e+001
  4.7329963e+001
  4.6892739e+001
  4.6429688e+001
  4.5859637e+001
  4.5398431e+001
  4.4780414e+001
  4.4393001e+001
  4.3898588e+001
  4.3350675e+001
  4.2968796e+001
  4.2481762e+001
  4.2099883e+001
  3.8744146e+001
  3.8375181e+001
  3.7919509e+001
  3.7653854e+001
  3.7187114e+001
  3.6840287e+001
  3.6567252e+001
  3.6126339e+001
  3.5805340e+001
  3.5440064e+001
  3.5010220e+001
  3.4670772e+001
  3.4218790e+001
  3.3907014e+001
  3.3486394e+001
  3.3019653e+001
  3.2733706e+001
  3.2272499e+001
  3.1879551e+001
  3.1589914e+001
  3.1187742e+001
  3.0894415e+001
  3.0492243e+001
  3.0174933e+001
  2.9914813e+001
  2.9615951e+001
  2.9376124e+001
  2.9055124e+001
  2.8695383e+001
  2.8520125e+001
  2.8228642e+001
  2.7972212e+001
  2.7761901e+001
  2.7501781e+001
  2.7230592e+001
  2.6985230e+001
  2.6793368e+001
  2.6557231e+001
  2.6287886e+001
  2.6105248e+001
  2.5832214e+001
  2.5653266e+001
  2.5525973e+001
  2.5282456e+001
  2.5090594e+001
  2.4889509e+001
  2.4620164e+001
  2.4450440e+001
  2.4182940e+001
  2.4050113e+001
  2.3815820e+001
  2.3502200e+001
  2.3402579e+001
  2.3005942e+001
  2.2797477e+001
  2.2624063e+001
  2.2360253e+001
  2.2148098e+001
  2.1830788e+001
  2.1531927e+001
  2.1358513e+001
  2.0856721e+001
  1.5043676e+001
  1.4661797e+001
  1.4071453e+001
  1.3696954e+001
  1.3139816e+001
  4.4230171e+000
  4.0171555e+000
  3.5448803e+000
  3.0726050e+000
  2.4748816e+000
  1.9620202e+000
  1.3772106e+000
  7.9424582e-001
  2.9060853e-001
 -2.7575283e-001
 -8.6425209e-001
 -1.4066307e+000
 -2.0320265e+000
 -2.6020775e+000
 -3.2127146e+000
 -3.8049035e+000
 -4.4967130e+000
 -5.2364879e+000
 -5.9061595e+000
 -6.6865206e+000
 -7.3358991e+000
 -8.0609154e+000
 -8.7268973e+000
 -9.3818103e+000
 -1.0077309e+001
 -1.0711929e+001
 -1.1329946e+001
 -1.1892617e+001
 -1.2545686e+001
 -1.3176616e+001
 -1.3798322e+001
 -1.4311183e+001
 -1.4907062e+001
 -1.5412544e+001
 -1.6013957e+001
 -1.6609836e+001
 -1.7165128e+001
 -1.7786834e+001
 -1.8292316e+001
 -1.8832850e+001
 -1.9476694e+001
 -1.9956349e+001
 -2.0555917e+001
 -2.1098296e+001
 -2.1600088e+001
 -2.2216260e+001
 -2.2690380e+001
 -2.3348982e+001
 -2.4011275e+001
 -2.4426360e+001
 -2.5027773e+001
 -2.5492669e+001
 -2.5987082e+001
 -2.6544220e+001
 -2.6979598e+001
 -2.7514598e+001
 -2.8007166e+001
 -2.8381666e+001
 -2.8770924e+001
 -2.9160182e+001
 -2.9567888e+001
 -2.9988508e+001
 -3.0327956e+001
 -3.0691387e+001
 -3.1001318e+001
 -3.1403489e+001
 -3.1872075e+001
 -3.2152488e+001
 -3.2582333e+001
 -3.2943919e+001
 -3.3277832e+001
 -3.3687383e+001
 -3.4106158e+001
 -3.4536003e+001
 -3.5017502e+001
 -3.5462105e+001
 -3.5967587e+001
 -3.6410345e+001
 -3.7004379e+001
 -3.7587344e+001
 -3.8035636e+001
 -3.8625980e+001
 -3.9184962e+001
 -3.9767927e+001
 -4.0290013e+001
 -4.0751219e+001
 -4.1284374e+001
 -4.1631201e+001
 -4.2024148e+001
 -4.2361751e+001
 -4.2540700e+001
 -4.2752854e+001
 -4.3084923e+001
 -4.3016664e+001
 -4.2942871e+001
 -4.2950251e+001
 -4.2953940e+001
 -4.2889371e+001
 -4.2832182e+001
 -4.2749165e+001
 -4.2570217e+001
 -4.2470596e+001
 -4.2370976e+001
 -4.2149597e+001
 -4.2046286e+001
 -4.1764028e+001
 -4.1450408e+001
 -4.1168150e+001
 -4.0848995e+001
 -4.0614702e+001
 -4.0234668e+001
 -3.9926582e+001
 -3.9631410e+001
 -3.9269824e+001
 -3.9066894e+001
 -3.8762497e+001
 -3.8421205e+001
 -3.8231188e+001
 -3.7961843e+001
 -3.7718326e+001
 -3.7393637e+001
 -3.7148275e+001
 -3.6984086e+001
 -3.6692603e+001
 -3.6441707e+001
 -3.6229552e+001
 -3.5989725e+001
 -3.5823691e+001
 -3.5652122e+001
 -3.5432588e+001
 -3.5281312e+001
 -3.5087605e+001
 -3.4788744e+001
 -2.7167771e+001
 -2.7060771e+001
 -2.6643840e+001
 -2.6409547e+001
 -2.6071944e+001
 -2.5717738e+001
 -2.5455773e+001
 -2.5129239e+001
 -2.4946601e+001
 -2.4537050e+001
 -2.4276929e+001
 -2.3992826e+001
 -2.3638620e+001
 -2.3348982e+001
 -2.3092552e+001
 -2.2681156e+001
 -2.2350932e+001
 -2.1963519e+001
 -2.1542898e+001
 -2.1157330e+001
 -2.0762537e+001
 -2.0430469e+001
 -1.9814297e+001
 -1.9402901e+001
 -1.8956453e+001
 -1.8351351e+001
 -1.7934420e+001
 -1.7356990e+001
 -1.6685474e+001
 -1.6176302e+001
 -1.5569354e+001
 -1.4912596e+001
 -1.4298270e+001
 -1.3741132e+001
 -1.3182150e+001
 -1.2423927e+001
 -1.1923980e+001
 -1.1424032e+001
 -1.0785722e+001
 -1.0341119e+001
 -9.7064996e+000
 -8.9943970e+000
 -8.5663975e+000
 -7.8672088e+000
 -7.2565716e+000
 -6.5500035e+000
 -5.9209181e+000
 -5.3730050e+000
 -4.5612819e+000
 -3.9487999e+000
 -3.3676800e+000
 -2.6260602e+000
 -2.0228023e+000
 -1.2424413e+000
 -5.5432144e-001
  1.3010873e-001
  8.1453890e-001
  1.4842105e+000
  2.2977784e+000
  3.0209499e+000
  3.7459662e+000
  4.6462410e+000
  5.3232918e+000
  5.9837393e+000
  6.9116864e+000
  7.5665993e+000
  8.4392017e+000
  9.2472352e+000
  9.9519584e+000
  1.0743388e+001
  1.1335577e+001
  1.2108559e+001
  1.2722886e+001
  1.3213609e+001
  1.3870367e+001
  1.4246712e+001
  1.4724521e+001
  1.5265055e+001
  1.5687520e+001
  1.6032502e+001
  1.6523226e+001
  1.6901415e+001
  1.7351553e+001
  1.7834897e+001
  1.8438155e+001
  1.8938102e+001
  1.9367947e+001
  2.0063446e+001
  2.0472997e+001
  2.1035669e+001
  2.1609409e+001
  2.4782509e+001
  2.4955922e+001
  2.4948543e+001
  2.5133025e+001
  2.5252939e+001
  2.5356249e+001
  2.5601611e+001
  2.5614525e+001
  2.5704921e+001
  2.5898628e+001
  2.5913387e+001
  2.6036990e+001
  2.6162438e+001
  2.6158748e+001
  2.6276817e+001
  2.6313714e+001
  2.6524024e+001
  2.6564610e+001
  2.6686368e+001
  2.6935420e+001
  2.7029506e+001
  2.7125437e+001
  2.7404005e+001
  2.7522074e+001
  2.7748988e+001
  2.7889194e+001
  2.7979591e+001
  2.8154849e+001
  2.8300590e+001
  2.8545952e+001
  2.8632659e+001
  2.8669555e+001
  2.8964728e+001
  2.8933365e+001
  2.9075417e+001
  2.9357675e+001
  2.9424089e+001
  2.9647313e+001
  2.9833640e+001
  2.9935106e+001
  3.0156485e+001
  3.0276398e+001
  3.0673036e+001
  3.0861208e+001
  3.1071518e+001
  3.1541948e+001
  3.1733810e+001
  3.2176568e+001
  3.2560292e+001
  3.2851774e+001
  3.3383084e+001
  3.3811083e+001
  3.4196652e+001
  3.4703979e+001
  3.5139358e+001
  3.5696495e+001
  3.6168770e+001
  3.6561718e+001
  3.7192648e+001
  3.7666768e+001
  3.8260802e+001
  3.8875129e+001
  3.9282835e+001
  3.9869490e+001
  4.0445075e+001
  4.1063092e+001
  4.1653436e+001
  4.2206883e+001
  4.2915296e+001
  4.3500106e+001
  4.4064622e+001
  4.4913242e+001
  4.5472224e+001
  4.6195395e+001
  4.6892739e+001
  4.7538428e+001
  4.8219169e+001
  4.8990306e+001
  4.9552977e+001
  5.0252166e+001
  5.0789010e+001
  5.1744630e+001
  5.2281474e+001
  5.2857059e+001
  5.3744420e+001
  5.4050661e+001
  5.4917729e+001
  5.5626142e+001
  5.6155607e+001
  5.6921209e+001
  5.7406399e+001
  5.8148018e+001
  5.8745742e+001
  5.9332396e+001
  6.0144119e+001
  6.0564739e+001
  6.1177221e+001
  6.2007393e+001
  6.2446461e+001
  6.3237891e+001
  6.3935235e+001
  8.3138021e+001
  8.3062383e+001
  8.2885280e+001
  8.2660212e+001
  8.2728470e+001
  8.2591953e+001
  8.2617781e+001
  8.2680505e+001
  8.2599332e+001
  8.2639918e+001
  8.2741384e+001
  8.2879746e+001
  8.3027332e+001
  8.3075297e+001
  8.3150935e+001
  8.3093745e+001
  8.3132487e+001
  8.3252400e+001
  8.3073452e+001
  8.2971987e+001
  8.2870522e+001
  8.2628849e+001
  8.2413005e+001
  8.2215609e+001
  8.1022007e+001
  8.0924231e+001
  8.0911317e+001
  8.0938990e+001
  8.1343006e+001
  8.0582938e+001
  8.0671490e+001
  8.0536818e+001
  8.0529438e+001
  8.0623524e+001
  8.0547887e+001
  8.0459335e+001
  8.0474094e+001
  8.0612455e+001
  8.0540507e+001
  8.0629059e+001
  8.0881800e+001
  8.0750817e+001
  8.0870731e+001
  8.1042300e+001
  8.1005403e+001
  8.1064438e+001
  7.9363509e+001
  8.5364725e+001
  8.5231898e+001
  8.5206070e+001
  8.5274329e+001
  8.5213450e+001
  8.5209760e+001
  8.5220829e+001
  8.5058484e+001
  8.4992071e+001
  8.4899829e+001
  8.4842640e+001
  8.4743019e+001
  8.4842640e+001
  8.4934881e+001
  8.4715347e+001
  8.4735640e+001
  8.4866623e+001
  8.4759623e+001
  8.4728261e+001
  8.4737485e+001
  8.4706123e+001
  8.4682140e+001
  8.4667381e+001
  8.4667381e+001
  8.4540088e+001
  8.4571450e+001
  8.4637864e+001
  8.3256090e+001
  8.3270849e+001
  8.3399986e+001
  8.3344642e+001
  8.3337262e+001
  8.3353866e+001
  8.3390762e+001
  8.3376004e+001
  8.3440573e+001
  8.3553107e+001
  8.3464555e+001
  8.3578934e+001
  8.3650883e+001
  8.3525435e+001
  8.3658262e+001
  8.4746709e+001
  8.3606607e+001
  8.3623210e+001
  8.3621365e+001
  8.3647193e+001
  8.3661952e+001
  8.3700693e+001
  8.3796624e+001
  8.3689624e+001
  8.3708072e+001
  8.3844589e+001
  8.3695158e+001
  8.3816917e+001
  8.3863038e+001
  8.3783710e+001
  8.3791089e+001
  8.3811382e+001
  8.3888865e+001
  8.3826141e+001
  8.3794779e+001
  8.3914693e+001
  8.3776331e+001
  8.3855658e+001
  8.3957124e+001
  8.3885175e+001
  8.3931296e+001
  8.3971882e+001
  8.3938675e+001
  8.3990331e+001
  8.3994020e+001
  8.4089951e+001
  8.4030917e+001
  8.4071503e+001
  8.4156365e+001
  8.4023537e+001
  8.4099175e+001
  8.4235692e+001
  8.4091796e+001
  8.4215399e+001
  8.4195106e+001
  8.4233847e+001
  8.4224623e+001
  8.4226468e+001
  8.4285503e+001
  8.4232003e+001
  8.4267054e+001
  8.4361140e+001
  8.4187727e+001
  8.4342692e+001
  8.4442313e+001
  8.4359296e+001
  8.4405416e+001
  8.4414640e+001
  8.4392502e+001
  8.4398037e+001
  8.4414640e+001
  8.4469985e+001
  8.4381433e+001
  8.4405416e+001
  8.4486589e+001
  8.4331623e+001
  8.4449692e+001
  8.4553002e+001
  8.4576985e+001
  8.4661847e+001
  8.4733795e+001
  7.7765890e+001
  1.0042588e+002
  1.0090922e+002
  1.0122284e+002
  1.0177260e+002
  1.0201796e+002
  1.0098486e+002
  1.0136674e+002
  1.0155122e+002
  1.0200689e+002
  1.0236110e+002
  1.0254005e+002
  1.0284260e+002
  1.0297358e+002
  1.0329274e+002
  1.0352150e+002
  1.0366724e+002
  1.0401222e+002
  1.0412844e+002
  1.0443284e+002
  1.0474461e+002
  1.0486084e+002
  1.0515048e+002
  1.0527961e+002
  1.0539768e+002
  1.0563751e+002
  1.0570577e+002
  1.0594006e+002
  1.0611716e+002
  1.0622047e+002
  1.0645292e+002
  1.0636806e+002
  1.0658206e+002
  1.0674072e+002
  1.0667984e+002
  1.0685141e+002
  1.0694918e+002
  1.0710230e+002
  1.0731630e+002
  1.0739563e+002
  1.0761332e+002
  1.0771663e+002
  1.0777566e+002
  1.0805423e+002
  1.0797859e+002
  1.0824978e+002
  1.0831989e+002
  1.0822211e+002
  1.0844164e+002
  1.0855049e+002
  1.0867409e+002
  1.0891392e+002
  1.0902092e+002
  1.0932901e+002
  1.0937513e+002
  1.0955961e+002
  1.0983449e+002
  1.0982526e+002
  1.1001528e+002
  1.1016471e+002
  1.1013888e+002
  1.1029200e+002
  1.1036026e+002
  1.1056319e+002
  1.1067019e+002
  1.1077166e+002
  1.1110004e+002
  1.1117199e+002
  1.1151143e+002
  1.1191361e+002
  1.1211469e+002
  1.1266076e+002
  1.1298729e+002
  1.1337286e+002
  1.1376950e+002
  1.1400195e+002
  1.1442072e+002
  1.1460336e+002
  1.1472327e+002
  1.1503689e+002
  1.1507748e+002
  1.1538741e+002
  1.1573608e+002
  1.1588920e+002
  1.1633012e+002
  1.1656810e+002
  1.1688172e+002
  1.1732079e+002
  1.1772112e+002
  1.1822844e+002
  1.1856974e+002
  1.1891656e+002
  1.1949953e+002
  1.1977625e+002
  1.2037213e+002
  1.2087761e+002
  1.2122628e+002
  1.2172623e+002
  1.2220589e+002
  1.2267263e+002
  1.2311354e+002
  1.2353232e+002
  1.2410237e+002
  1.2446580e+002
  1.2484952e+002
  1.2543986e+002
  1.2573873e+002
  1.2624974e+002
  1.2679397e+002
  1.2712603e+002
  1.2768133e+002
  1.2815914e+002
  1.2871812e+002
  1.2921438e+002
  1.2965713e+002
  1.3033788e+002
  1.3070684e+002
  1.3121048e+002
  1.3183403e+002
  1.3212551e+002
  1.3269556e+002
  1.3356447e+002
  1.3393344e+002
  1.3449242e+002
  1.3493887e+002
  1.3620995e+002
  1.4865699e+002
  1.4812015e+002
  1.4780653e+002
  1.4748184e+002
  1.4701510e+002
  1.4675313e+002
  1.4642106e+002
  1.4605394e+002
  1.4584363e+002
  1.4563148e+002
  1.4538427e+002
  1.4523853e+002
  1.4497841e+002
  1.4468508e+002
  1.4423310e+002
  1.4383277e+002
  1.4355236e+002
  1.2859452e+002
  1.2810010e+002
  1.2793038e+002
  1.2753928e+002
  1.2723488e+002
  1.2688436e+002
  1.2632723e+002
  1.2600438e+002
  1.2527752e+002
  1.2476281e+002
  1.2443997e+002
  1.2368175e+002
  1.2330909e+002
  1.2263389e+002
  1.2202509e+002
  1.2160447e+002
  1.2098646e+002
  1.2040349e+002
  1.1984820e+002
  1.1921911e+002
  1.2197344e+002
  1.2128532e+002
  1.2087761e+002
  1.2024299e+002
  1.1947923e+002
  1.1883908e+002
  1.1806241e+002
  1.1736691e+002
  1.1683744e+002
  1.1620098e+002
  1.1564753e+002
  1.1494834e+002
  1.1434140e+002
  1.1386174e+002
  1.1330091e+002
  1.1283048e+002
  1.1233054e+002
  1.1173835e+002
  1.1133433e+002
  1.1077719e+002
  1.1035842e+002
  1.0994702e+002
  1.0948951e+002
  1.0912423e+002
  1.0870914e+002
  1.0837154e+002
  1.0812802e+002
  1.0773323e+002
  1.0746020e+002
  1.0702297e+002
  1.0664478e+002
  1.0638651e+002
  1.0604706e+002
  1.0582568e+002
  1.0557110e+002
  1.0520398e+002
  1.0499551e+002
  1.0460625e+002
  1.0429263e+002
  1.0410631e+002
  1.0380375e+002
  1.0369122e+002
  1.0353810e+002
  1.0333517e+002
  1.0325769e+002
  1.0304000e+002
  1.0289610e+002
  1.0270793e+002
  1.0242936e+002
  1.0225964e+002
  1.0179658e+002
  1.0157336e+002
  1.0129110e+002
  1.0099962e+002
  1.0072659e+002
  1.0036131e+002
  1.0009197e+002
  9.9835535e+001
  9.9464725e+001
  9.9114208e+001
  9.8743398e+001
  9.8387347e+001
  9.8070037e+001
  9.7511055e+001
  9.7095969e+001
  9.6680883e+001
  9.6142195e+001
  9.5666230e+001
  9.5072196e+001
  9.4535352e+001
  9.4000352e+001
  9.3428457e+001
  9.2847337e+001
  9.2238544e+001
  9.1734907e+001
  9.1314287e+001
  9.0753460e+001
  9.0321771e+001
  8.9836582e+001
  8.9334789e+001
  8.8853290e+001
  8.8277704e+001
  8.7842326e+001
  8.7274119e+001
  8.6787086e+001
  8.6204121e+001
  8.5626691e+001
  8.5169174e+001
  8.4678450e+001
  8.4097330e+001
  8.3602917e+001
  8.3047625e+001
  8.2472039e+001
  8.2018212e+001
  8.1442627e+001
  8.0959283e+001
  8.0372628e+001
  7.9852387e+001
  7.9341371e+001
  7.8703061e+001
  7.8258458e+001
  7.7734528e+001
  7.7114667e+001
  7.6706960e+001
  7.6042823e+001
  7.5476462e+001
  7.4980204e+001
  7.4371412e+001
  7.3827188e+001
  7.3126155e+001
  7.2528431e+001
  7.1960225e+001
  7.1220450e+001
  7.0617192e+001
  6.9954900e+001
  6.9139487e+001
  6.8779746e+001
  6.7825972e+001
  6.7202421e+001
  6.6752283e+001
  3.8559664e+001
  3.8170406e+001
  3.7722113e+001
  3.7284889e+001
  3.6755425e+001
  3.6244408e+001
  3.5755529e+001
  3.5207616e+001
  3.4899530e+001
  3.4416186e+001
  3.3990032e+001
  3.3667187e+001
  3.3204136e+001
  3.2892361e+001
  3.2648844e+001
  3.2353672e+001
  3.2052965e+001
  3.1652638e+001
  3.1488448e+001
  3.1326104e+001
  3.1034621e+001
  3.1008794e+001
  3.0870432e+001
  3.0759743e+001
  3.0815087e+001
  3.0724691e+001
  3.0763432e+001
  3.0818777e+001
  3.0792949e+001
  3.0848294e+001
  3.0698863e+001
  3.0826156e+001
  3.0833536e+001
  3.0721001e+001
  3.0794794e+001
  3.0691484e+001
  3.0577105e+001
  3.0619536e+001
  3.0453502e+001
  3.0457191e+001
  3.0381553e+001
  3.0235812e+001
  3.0191536e+001
  2.9960933e+001
  3.0001519e+001
  2.9876071e+001
  2.9724796e+001
  3.0337278e+001
  3.0261640e+001
  3.0248726e+001
  3.0269019e+001
  3.0197071e+001
  3.0235812e+001
  3.0246881e+001
  3.0265329e+001
  2.9798589e+001
  2.9793054e+001
  2.9890830e+001
  2.9874226e+001
  2.9671296e+001
  2.9697123e+001
  2.9466520e+001
  2.9317089e+001
  2.9258055e+001
  2.9051434e+001
  2.8824521e+001
  2.8562556e+001
  2.8520125e+001
  2.8403901e+001
  2.8309815e+001
  2.8368849e+001
  2.8315349e+001
  2.8228642e+001
  2.8319039e+001
  2.8210194e+001
  2.8261849e+001
  2.8260004e+001
  2.8167763e+001
  2.8195435e+001
  2.8058918e+001
  2.8136401e+001
  2.8165918e+001
  2.8001729e+001
  2.8055229e+001
  2.7931625e+001
  2.7929781e+001
  2.7962987e+001
  2.7857832e+001
  2.7929781e+001
  2.7892884e+001
  2.7796953e+001
  2.7680729e+001
  2.7509160e+001
  2.7514695e+001
  2.7427988e+001
  2.7213988e+001
  2.7263799e+001
  2.6977851e+001
  2.6881920e+001
  2.6904058e+001
  2.6712196e+001
  2.6669765e+001
  2.6464989e+001
  2.6374593e+001
  2.6239921e+001
  2.6088645e+001
  2.6186421e+001
  2.6156903e+001
  2.5952128e+001
  2.6013007e+001
  2.5869111e+001
  2.5904162e+001
  2.5846973e+001
  2.5719680e+001
  2.5767645e+001
  2.5671714e+001
  2.5699387e+001
  2.5732594e+001
  2.5559180e+001
  2.5686473e+001
  2.5645887e+001
  2.5437422e+001
  2.5546266e+001
  2.5407904e+001
  2.5396835e+001
  2.5297215e+001
  2.5162543e+001
  2.5103508e+001
  2.4893198e+001
  2.4795422e+001
  2.4751147e+001
  2.4553750e+001
  2.4483647e+001
  2.4256733e+001
  2.4007682e+001
  2.4024285e+001
  2.3692217e+001
  2.3515114e+001
  2.3365683e+001
  2.3063132e+001
  2.2880494e+001
  2.2592701e+001
  2.2485701e+001
  2.2232960e+001
  2.1830788e+001
  2.1627857e+001
  2.1234910e+001
  2.0198118e+001
  1.6074933e+001
  1.5820348e+001
  1.5325934e+001
  1.4951435e+001
  1.4648884e+001
  1.4289143e+001
  1.3877747e+001
  1.3481109e+001
  1.3237592e+001
  1.2754248e+001
  1.2363145e+001
  1.2001559e+001
  8.4890120e+000
  7.9613920e+000
  7.8783748e+000
  7.4780477e+000
  6.8342037e+000
  6.5537903e+000
  5.9634462e+000
  5.5686536e+000
  5.1609472e+000
  4.6185686e+000
  4.1352244e+000
  3.5725527e+000
  3.1648463e+000
  2.6759676e+000
  2.0376580e+000
  1.7978308e+000
  1.1705902e+000
  1.5224663e-001
 -3.8459752e-001
 -8.8270034e-001
 -1.4158548e+000
 -1.9287163e+000
 -2.4286639e+000
 -2.9101633e+000
 -3.4654557e+000
 -3.8731621e+000
 -4.4247648e+000
 -5.0077296e+000
 -5.2936775e+000
 -5.7179873e+000
 -6.1976419e+000
 -6.6311758e+000
 -7.2621061e+000
 -7.7565193e+000
 -8.6438802e+000
 -9.1346037e+000
 -9.6954306e+000
 -1.0001672e+001
 -1.0555119e+001
 -1.1043998e+001
 -1.1359463e+001
 -1.1870480e+001
 -1.2392565e+001
 -1.2785513e+001
 -1.3348185e+001
 -1.3809391e+001
 -2.8472062e+001
 -2.9209992e+001
 -2.9733923e+001
 -3.0143474e+001
 -3.0706145e+001
 -3.1169197e+001
 -3.1658075e+001
 -3.2045489e+001
 -3.2580488e+001
 -3.3089660e+001
 -3.3467849e+001
 -3.4096934e+001
 -3.4670675e+001
 -3.4999054e+001
 -3.5583863e+001
 -3.6061673e+001
 -3.6502586e+001
 -3.7159344e+001
 -3.7637154e+001
 -3.8205360e+001
 -3.8657342e+001
 -3.9170204e+001
 -3.9732875e+001
 -4.0099996e+001
 -4.0723547e+001
 -4.1236408e+001
 -4.1588770e+001
 -4.2131148e+001
 -4.2529631e+001
 -4.2950251e+001
 -4.3453888e+001
 -4.3905870e+001
 -4.4350473e+001
 -4.4737886e+001
 -4.6475712e+001
 -7.9977738e+001
 -7.9876273e+001
 -7.9060860e+001
 -7.9127274e+001
 -7.9044257e+001
 -7.9160481e+001
 -7.9106981e+001
 -7.9057171e+001
 -7.8868999e+001
 -7.8784137e+001
 -7.8714033e+001
 -7.8500033e+001
 -7.8479740e+001
 -7.8160586e+001
 -7.7872793e+001
 -7.7662483e+001
 -7.7411587e+001
 -7.7291673e+001
 -7.6950380e+001
 -7.6765898e+001
 -7.6479950e+001
 -7.5967088e+001
 -7.5640554e+001
 -7.5199641e+001
 -7.4629590e+001
 -7.4262470e+001
 -7.3661057e+001
 -7.3055954e+001
 -7.2578144e+001
 -7.1991490e+001
 -7.1502611e+001
 -7.0934405e+001
 -7.0334837e+001
 -6.9821975e+001
 -6.9119097e+001
 -6.8657891e+001
 -6.8084150e+001
 -6.7397875e+001
 -6.6914531e+001
 -6.6281756e+001
 -6.5658205e+001
 -6.5108447e+001
 -6.4519948e+001
 -6.4008931e+001
 -6.3315277e+001
 -6.2745226e+001
 -6.2201002e+001
 -6.1464917e+001
 -6.1025849e+001
 -6.0385694e+001
 -5.9535230e+001
 -5.9022368e+001
 -5.8289973e+001
 -5.7710698e+001
 -5.7103750e+001
 -5.6461751e+001
 -5.5956269e+001
 -5.5234942e+001
 -5.4705477e+001
 -5.4222133e+001
 -5.3552461e+001
 -5.3168738e+001
 -5.2607911e+001
 -5.1962222e+001
 -5.1537912e+001
 -5.0853482e+001
 -5.0656086e+001
 -5.0091569e+001
 -4.9484622e+001
 -4.8940398e+001
 -4.8185865e+001
 -4.7617659e+001
 -4.7064211e+001
 -4.6269091e+001
 -4.5761764e+001
 -4.5044127e+001
 -4.4267456e+001
 -4.3706629e+001
 -4.2913354e+001
 -4.1590615e+001
 -1.1983014e+001
  2.2885543e+000
  3.0523119e+000
  4.3602930e+000
  5.0834645e+000
  5.7420672e+000
  6.4892214e+000
  7.3138583e+000
  8.0314953e+000
  8.8358391e+000
  9.6494071e+000
  1.0343061e+001
  1.1219353e+001
  1.2571610e+001
  1.2798524e+001
  3.9253318e+001
  4.0083489e+001
  4.0878609e+001
  4.1563039e+001
  4.2426417e+001
  4.3232606e+001
  4.4121812e+001
  4.4966742e+001
  4.5916827e+001
  4.6865067e+001
  4.7674945e+001
  4.8636099e+001
  4.9630460e+001
  5.0421890e+001
  5.1403337e+001
  5.2250112e+001
  5.3056301e+001
  5.4048817e+001
  5.4864229e+001
  5.5829073e+001
  5.6559624e+001
  5.7469123e+001
  5.8406294e+001
  5.9114707e+001
  6.0075861e+001
  6.0990894e+001
  6.1697462e+001
  6.2671530e+001
  6.3531218e+001
  6.4248855e+001
  6.5162044e+001
  6.5944250e+001
  6.6811318e+001
  8.9993392e+001
  9.0567133e+001
  9.1083684e+001
  9.1489545e+001
  9.1889872e+001
  9.2249613e+001
  9.2507889e+001
  9.2817819e+001
  9.3042888e+001
  9.3253198e+001
  9.3391560e+001
  9.3588956e+001
  9.3742077e+001
  9.3810335e+001
  9.3963456e+001
  9.4066766e+001
  9.4122111e+001
  9.4151628e+001
  9.4186680e+001
  9.4273387e+001
  9.4229111e+001
  9.4223576e+001
  9.4315817e+001
  9.4219887e+001
  9.4361938e+001
  9.4461559e+001
  9.4474472e+001
  9.4561179e+001
  9.4551955e+001
  9.4592541e+001
  9.4612834e+001
  9.4533507e+001
  9.4420973e+001
  9.4186680e+001
  9.4035404e+001
  9.3915490e+001
  9.3609249e+001
  9.3432146e+001
  9.3118526e+001
  9.2779078e+001
  9.2557699e+001
  9.2181355e+001
  9.1976579e+001
  9.1710924e+001
  9.1423131e+001
  9.1164856e+001
  9.0749770e+001
  9.0532081e+001
  9.0231374e+001
  8.9781237e+001
  8.9473151e+001
  8.9002721e+001
  8.8519377e+001
  8.8106136e+001
  8.7530550e+001
  8.7097016e+001
  8.6525120e+001
  8.5986431e+001
  8.5538139e+001
  8.4897985e+001
  8.4451537e+001
  8.3979262e+001
  8.3318814e+001
  8.2828091e+001
  8.2138126e+001
  8.1521954e+001
  8.1016472e+001
  8.0477783e+001
  7.9988905e+001
  7.9415164e+001
  7.8913371e+001
  7.8422648e+001
  7.7778804e+001
  7.7334201e+001
  7.6839788e+001
  7.6472668e+001
  7.3006241e+001
  7.2436190e+001
  7.1956535e+001
  7.1480570e+001
  7.0938192e+001
  7.0521261e+001
  7.0026848e+001
  6.9515832e+001
  6.9065694e+001
  6.8552833e+001
  6.8130368e+001
  6.7645179e+001
  6.7154455e+001
  6.6693249e+001
  6.6141646e+001
  6.5722871e+001
  6.5326233e+001
  6.4835510e+001
  6.4446252e+001
  6.4010873e+001
  6.3571805e+001
  6.3197305e+001
  6.2802512e+001
  6.2468599e+001
  6.2099634e+001
  6.1736203e+001
  6.1407825e+001
  6.1013032e+001
  6.0723394e+001
  6.0430067e+001
  6.0085085e+001
  5.9804671e+001
  5.9522413e+001
  5.9254913e+001
  5.8956052e+001
  5.8671949e+001
  5.8443190e+001
  5.8107432e+001
  5.8133260e+001
  5.6159297e+001
  5.5760814e+001
  5.5487780e+001
  5.5045022e+001
  5.4751695e+001
  5.4428851e+001
  5.4030368e+001
  5.3689076e+001
  5.3294283e+001
  5.2930852e+001
  5.2589560e+001
  5.2050871e+001
  5.1787061e+001
  5.1381199e+001
  5.0888631e+001
  5.0493838e+001
  5.0008649e+001
  4.9589874e+001
  4.9198771e+001
  4.8660082e+001
  4.9016133e+001
  4.2099883e+001
  4.1662660e+001
  4.1206988e+001
  4.0596351e+001
  4.0129610e+001
  3.9533731e+001
  3.9030094e+001
  3.8520922e+001
  3.7921354e+001
  3.7390044e+001
  3.6821838e+001
  3.6220425e+001
  3.5738926e+001
  3.5089547e+001
  3.4563772e+001
  3.4071204e+001
  3.3479015e+001
  3.2934791e+001
  3.2386878e+001
  3.1896155e+001
  3.1359311e+001
  3.0783725e+001
  3.0254260e+001
  2.9649158e+001
  2.9141831e+001
  2.8586538e+001
  2.7957453e+001
  2.7479643e+001
  2.6972316e+001
  2.6428093e+001
  2.5874645e+001
  2.5232646e+001
  2.4848922e+001
  2.4269647e+001
  2.3701441e+001
  2.3251304e+001
  2.2646201e+001
  2.2144409e+001
  2.1594651e+001
  2.0998772e+001
  2.0491445e+001
  1.9943532e+001
  1.9426981e+001
  1.8812654e+001
  1.8155896e+001
  1.7735276e+001
  1.7089587e+001
  1.6432830e+001
  1.5955020e+001
  1.5261366e+001
  1.4746659e+001
  1.4158160e+001
  1.3549368e+001
  1.2994075e+001
  1.2368679e+001
  1.1829991e+001
  1.1140026e+001
  1.0451906e+001
  1.0025751e+001
  9.3081144e+000
  8.6384428e+000
  8.1458745e+000
  7.4190133e+000
  6.9246002e+000
  6.2826010e+000
  5.6313777e+000
  5.0723956e+000
  4.4303964e+000
  3.8732592e+000
  3.2607772e+000
  2.5615884e+000
  2.1022269e+000
  1.4085726e+000
  7.7948722e-001
  2.6478097e-001
 -6.7054543e-001
 -1.2369068e+000
 -1.7460786e+000
 -2.3936122e+000
 -2.9027840e+000
 -3.5115763e+000
 -3.9746275e+000
 -4.5760405e+000
 -4.4192304e+000
 -4.9025746e+000
 -5.4467980e+000
 -6.0408318e+000
 -6.5500035e+000
 -7.1274338e+000
 -7.6698125e+000
 -8.2472428e+000
 -8.8523455e+000
 -9.3873448e+000
 -1.0047792e+001
 -1.0520067e+001
 -1.1088274e+001
 -1.1721049e+001
 -1.2261583e+001
 -1.2829789e+001
 -1.3434891e+001
 -1.3992029e+001
 -1.4591597e+001
 -1.5194855e+001
 -1.5774130e+001
 -1.6875491e+001
 -1.9452711e+001
 -2.0122383e+001
 -2.0740399e+001
 -4.2942871e+001
 -4.3708474e+001
 -4.4254542e+001
 -4.5029369e+001
 -4.5656609e+001
 -4.6235885e+001
 -4.6890797e+001
 -4.7407349e+001
 -4.8012451e+001
 -4.8538226e+001
 -4.9597156e+001
 -4.9990104e+001
 -5.0543551e+001
 -5.1082240e+001
 -5.1133896e+001
 -5.6589044e+001
 -5.7024423e+001
 -5.7659043e+001
 -5.8295507e+001
 -5.8740110e+001
 -5.9383954e+001
 -5.9876522e+001
 -6.0422591e+001
 -6.1090417e+001
 -6.1599589e+001
 -6.2237899e+001
 -6.2763674e+001
 -6.3322656e+001
 -6.3986793e+001
 -6.4606654e+001
 -6.5232050e+001
 -6.5820549e+001
 -6.6320497e+001
 -6.6945893e+001
 -6.7438461e+001
 -6.8001133e+001
 -6.8665270e+001
 -6.9172597e+001
 -6.9991699e+001
 -7.0439992e+001
 -7.0982371e+001
 -7.1509991e+001
 -7.1902938e+001
 -7.2504351e+001
 -7.2982161e+001
 -7.3292092e+001
 -7.3245971e+001
 -7.3452592e+001
 -7.3810488e+001
 -7.4391608e+001
 -7.4589004e+001
 -7.5050210e+001
 -7.5124003e+001
 -7.5605503e+001
 -1.8950919e+001
 -1.9179677e+001
 -1.9264539e+001
 -1.9633504e+001
 -1.9650108e+001
 -1.9664866e+001
 -1.9963728e+001
 -1.9978487e+001
 -2.0035676e+001
 -2.0340072e+001
 -2.0428624e+001
 -2.0496882e+001
 -2.0485814e+001
 -2.0594658e+001
 -2.0592813e+001
 -2.0570676e+001
 -2.0749624e+001
 -2.0749624e+001
 -2.0655537e+001
 -2.0803123e+001
 -2.0736710e+001
 -2.0734865e+001
 -2.0745934e+001
 -2.0727486e+001
 -2.0733020e+001
 -2.0653693e+001
 -2.0718262e+001
 -2.0679520e+001
 -2.0578055e+001
 -2.0749624e+001
 -2.0594658e+001
 -2.0541158e+001
 -2.0646313e+001
 -2.1476485e+001
 -2.1559502e+001
 -2.1546588e+001
 -2.1625916e+001
 -2.1618536e+001
 -2.1683105e+001
 -2.0402796e+001
 -2.0614951e+001
 -2.0747779e+001
 -2.1018968e+001
 -2.1413761e+001
 -2.1714467e+001
 -2.3155276e+001
 -2.3725327e+001
 -2.4282464e+001
 -2.4918929e+001
 -2.5686376e+001
 -2.6322841e+001
 -2.6974064e+001
 -2.7800546e+001
 -2.8317097e+001
 -2.8877924e+001
 -6.6527118e+001
 -6.6368463e+001
 -6.5779963e+001
 -6.5202533e+001
 -6.4794827e+001
 -6.4121465e+001
 -6.3534811e+001
 -6.3095743e+001
 -6.2542295e+001
 -6.2020209e+001
 -6.1444624e+001
 -6.0940987e+001
 -6.0308212e+001
 -5.9692040e+001
 -5.9295403e+001
 -5.8636800e+001
 -5.8039077e+001
 -5.7625836e+001
 -5.6967233e+001
 -5.6459906e+001
 -5.5998700e+001
 -5.5471080e+001
 -5.4996960e+001
 -1.3439067e+000
 -4.1240098e+001
 -4.0946770e+001
 -4.0531685e+001
 -4.0098151e+001
 -3.9673841e+001
 -3.9269824e+001
 -3.8825221e+001
 -3.8297601e+001
 -3.7923102e+001
 -3.7434223e+001
 -3.6847569e+001
 -3.6410345e+001
 -3.5897484e+001
 -3.5406760e+001
 -3.4962157e+001
 -3.4464055e+001
 -3.3947503e+001
 -3.3423573e+001
 -3.2940229e+001
 -3.2373868e+001
 -3.1785368e+001
 -3.1418248e+001
 -3.0850042e+001
 -3.0241250e+001
 -2.9794802e+001
 -2.8459148e+001
 -2.5926203e+001
 -2.5437325e+001
 -2.4845136e+001
 -2.4317516e+001
 -2.3847085e+001
 -2.3267810e+001
 -2.2716207e+001
 -2.2234708e+001
 -2.1633295e+001
 -2.1118589e+001
 -2.0550382e+001
 -2.0024607e+001
 -1.9426884e+001
 -1.8867902e+001
 -1.8373489e+001
 -1.7744403e+001
 -1.7159594e+001
 -1.6652267e+001
 -1.6017647e+001
 -1.5508475e+001
 -1.4973476e+001
 -1.4362839e+001
 -1.3855512e+001
 -1.3267012e+001
 -1.2730168e+001
 -1.2176721e+001
 -1.1534721e+001
 -1.1053222e+001
 -1.0429671e+001
 -9.8079649e+000
 -9.1917933e+000
 -5.0944364e+000
 -4.4321441e+000
 -3.7883001e+000
 -3.0503700e+000
 -2.3290433e+000
 -1.7405441e+000
 -1.0155278e+000
 -3.2925276e-001
  2.8876370e-001
  1.0045559e+000
  1.6391758e+000
  2.3678818e+000
  3.8105351e+000
  4.3658275e+000
  4.8768441e+000
  5.5778777e+000
  6.3139630e+000
  6.8268244e+000
  7.5795131e+000
  8.2012192e+000
  9.2583041e+000
  9.9279757e+000
  1.0560751e+001
  1.1258095e+001
  1.1822611e+001
  1.2473835e+001
  1.3169334e+001
  1.3726471e+001
  1.4410901e+001
  1.5087952e+001
  1.5634020e+001
  1.6270485e+001
  1.6884812e+001
  1.7550794e+001
  1.8548844e+001
  4.0434006e+001
  4.1197764e+001
  4.1911711e+001
  4.2778779e+001
  4.3520399e+001
  4.4356105e+001
  4.5269293e+001
  4.6066258e+001
  4.6966532e+001
  4.7743204e+001
  4.8595513e+001
  4.9482874e+001
  5.0287218e+001
  5.1167200e+001
  5.2037957e+001
  5.2792491e+001
  5.3685386e+001
  5.4456523e+001
  5.5334660e+001
  5.6196193e+001
  5.6956261e+001
  5.7851001e+001
  5.8629518e+001
  5.9455999e+001
  7.8673544e+001
  7.9643922e+001
  8.0409525e+001
  8.1291351e+001
  8.2069867e+001
  8.2968297e+001
  8.3813227e+001
  8.4551157e+001
  8.5390553e+001
  8.6161690e+001
  8.6980792e+001
  8.7796205e+001
  8.8578411e+001
  8.9451013e+001
  9.0203702e+001
  9.0976684e+001
  9.1810545e+001
  9.2524492e+001
  9.3267957e+001
  9.4044628e+001
  9.4771489e+001
  9.5620109e+001
  9.6287936e+001
  9.7097814e+001
  9.7852348e+001
  9.8617950e+001
  9.9427828e+001
  1.0008643e+002
  1.0858001e+002
  1.0886042e+002
  1.0924968e+002
  1.0955592e+002
  1.1002450e+002
  1.1046173e+002
  1.1076428e+002
  1.1130666e+002
  1.1173097e+002
  1.1225674e+002
  1.1274931e+002
  1.1313488e+002
  1.1367541e+002
  1.1410341e+002
  1.1459967e+002
  1.1514205e+002
  1.1567889e+002
  1.1623050e+002
  1.1666403e+002
  1.1709387e+002
  1.1766024e+002
  1.1808086e+002
  1.1853099e+002
  1.1895715e+002
  1.1935379e+002
  1.1988141e+002
  1.2032047e+002
  1.2083149e+002
  1.2129270e+002
  1.2168749e+002
  1.2225939e+002
  1.2271690e+002
  1.2314490e+002
  1.2375369e+002
  1.2417800e+002
  1.2472407e+002
  1.2517605e+002
  1.2568707e+002
  1.2622207e+002
  1.2679581e+002
  1.2730867e+002
  1.2790640e+002
  1.2836207e+002
  1.2897455e+002
  1.2952984e+002
  1.3005746e+002
  1.3069762e+002
  1.3125475e+002
  1.3180820e+002
  1.3241699e+002
  1.3299442e+002
  1.3357923e+002
  1.3421754e+002
  1.3486323e+002
  1.3539454e+002
  1.3592954e+002
  1.3658999e+002
  1.3717480e+002
  1.3779097e+002
  1.3845695e+002
  1.3907866e+002
  1.3972988e+002
  1.4033683e+002
  1.4100466e+002
  1.4160976e+002
  1.4217612e+002
  1.4283472e+002
  1.4342322e+002
  1.4396929e+002
  1.4470537e+002
  1.4523668e+002
  1.4594694e+002
  1.4662215e+002
  1.4724016e+002
  1.4793935e+002
  1.4851125e+002
  1.4920306e+002
  1.4989487e+002
  1.5047599e+002
  1.5118256e+002
  1.5178581e+002
  1.5235402e+002
  1.5312331e+002
  1.5369336e+002
  1.5442945e+002
  1.5504562e+002
  1.5565072e+002
  1.5635176e+002
  1.5695501e+002
  1.5758963e+002
  1.5833494e+002
  1.5890499e+002
  1.5965399e+002
  1.6022036e+002
  1.6089741e+002
  1.6163349e+002
  1.6222015e+002
  1.6288244e+002
  1.6365357e+002
  1.6425499e+002
  1.6492650e+002
  1.6546888e+002
  1.6616069e+002
  1.6677871e+002
  1.6729895e+002
  1.6792803e+002
  1.6839293e+002
  1.6893162e+002
  1.6951827e+002
  1.6992783e+002
  1.7046282e+002
  1.7088345e+002
  1.7135941e+002
  1.7183537e+002
  1.7223939e+002
  1.7265263e+002
  1.7304189e+002
  1.7340901e+002
  1.7386099e+002
  1.7414325e+002
  1.7452144e+002
  1.7484982e+002
  1.7514499e+002
  1.7544385e+002
  1.7565047e+002
  1.7586632e+002
  1.7607109e+002
  1.7617994e+002
  1.6968800e+002
  1.6508331e+002
  1.6914746e+002
  1.6868810e+002
  1.6841322e+002
  1.6813650e+002
  1.6781735e+002
  1.6752955e+002
  1.6729342e+002
  1.6700747e+002
  1.6678609e+002
  1.6660714e+002
  1.6638945e+002
  1.6615885e+002
  1.6602418e+002
  1.6578804e+002
  1.6561278e+002
  1.6547626e+002
  1.6534897e+002
  1.6520692e+002
  1.6505933e+002
  1.6493573e+002
  1.6471435e+002
  1.6462026e+002
  1.6450588e+002
  1.6437675e+002
  1.6421625e+002
  1.6404837e+002
  1.6394321e+002
  1.6376057e+002
  1.6361852e+002
  1.6348201e+002
  1.6327354e+002
  1.6307061e+002
  1.6292118e+002
  1.6264077e+002
  1.6242308e+002
  1.6219247e+002
  1.6188808e+002
  1.6156523e+002
  1.6126453e+002
  1.6097304e+002
  1.6059670e+002
  1.6027939e+002
  1.5994917e+002
  1.5950087e+002
  1.5916696e+002
  1.5884965e+002
  1.5846593e+002
  1.5815046e+002
  1.5776489e+002
  1.5746419e+002
  1.5713950e+002
  1.5678898e+002
  1.5654362e+002
  1.5618572e+002
  1.5589608e+002
  1.5559907e+002
  1.5523195e+002
  1.5498659e+002
  1.5470802e+002
  1.5433905e+002
  1.5403466e+002
  1.5363986e+002
  1.5327643e+002
  1.5289455e+002
  1.5249423e+002
  1.5214924e+002
  1.5165114e+002
  1.5121023e+002
  1.5087816e+002
  1.5037452e+002
  1.4991332e+002
  1.4948532e+002
  1.4897799e+002
  1.4852785e+002
  1.4809616e+002
  1.4761097e+002
  1.4709627e+002
  1.4662953e+002
  1.4618492e+002
  1.4564624e+002
  1.4518134e+002
  1.4472751e+002
  1.4350624e+002
  1.4319077e+002
  1.4280520e+002
  1.4233662e+002
  1.4195658e+002
  1.4156364e+002
  1.4118176e+002
  1.4071871e+002
  1.4029809e+002
  1.3994019e+002
  1.3942180e+002
  1.3892185e+002
  1.3862483e+002
  1.3808430e+002
  1.3774116e+002
  1.3741094e+002
  1.3694419e+002
  1.3661397e+002
  1.3627821e+002
  1.3599042e+002
  1.3564913e+002
  1.3534658e+002
  1.3508830e+002
  1.3464923e+002
  1.3441125e+002
  1.3419172e+002
  1.3384858e+002
  1.3353865e+002
  1.3321211e+002
  1.3286713e+002
  1.3249817e+002
  1.3216241e+002
  1.3193549e+002
  1.3144477e+002
  1.3106474e+002
  1.3078801e+002
  1.3022719e+002
  1.2988774e+002
  1.2954276e+002
  1.2899853e+002
  1.2855208e+002
  1.2807243e+002
  1.2764628e+002
  1.2712788e+002
  1.2664085e+002
  1.2613536e+002
  1.2546385e+002
  1.2501002e+002
  1.2458387e+002
  1.2394371e+002
  1.2353047e+002
  1.2301207e+002
  1.2239406e+002
  1.2191625e+002
  1.2134620e+002
  1.2082596e+002
  1.2018949e+002
  1.1963235e+002
  1.1911580e+002
  1.1844613e+002
  1.1786317e+002
  1.1735953e+002
  1.1661422e+002
  1.1601834e+002
  1.1533207e+002
  1.1454802e+002
  1.1389864e+002
  1.1321236e+002
  1.1254823e+002
  1.1181952e+002
  1.1107605e+002
  1.1045988e+002
  1.0960204e+002
  1.0891945e+002
  1.0830513e+002
  1.0751739e+002
  1.0683296e+002
  1.0615591e+002
  1.0546963e+002
  1.0482025e+002
  8.4018003e+001
  8.3519900e+001
  8.2920332e+001
  8.2398246e+001
  8.1717506e+001
  8.0734214e+001
  8.0221353e+001
  7.9704801e+001
  7.9300785e+001
  7.8732579e+001
  7.8407889e+001
  5.5412142e+001
  5.4718488e+001
  5.4091248e+001
  5.3703834e+001
  5.3019404e+001
  5.2548974e+001
  5.2021354e+001
  5.1377510e+001
  5.0864648e+001
  5.0390528e+001
  4.9910874e+001
  4.9318685e+001
  4.8768927e+001
  4.8346462e+001
  4.7730290e+001
  4.7237722e+001
  4.6802343e+001
  4.6158499e+001
  4.5582913e+001
  4.5075587e+001
  4.4444656e+001
  4.3931795e+001
  4.3400485e+001
  4.2876555e+001
  4.2254849e+001
  4.1769660e+001
  4.1288160e+001
  4.0718109e+001
  4.0218162e+001
  3.9762490e+001
  3.9192439e+001
  3.8692491e+001
  3.8192543e+001
  3.7749785e+001
  3.7231390e+001
  3.6773873e+001
  3.6331115e+001
  3.5764753e+001
  3.5288789e+001
  3.4930892e+001
  3.4285204e+001
  3.3870118e+001
  3.3388618e+001
  3.2813033e+001
  3.2403482e+001
  3.1899845e+001
  3.1392518e+001
  3.0962673e+001
  3.0492243e+001
  3.0062399e+001
  2.9444382e+001
  2.9003469e+001
  2.8774711e+001
  2.8328263e+001
  2.8069987e+001
  2.7859677e+001
  2.7575574e+001
  2.7448281e+001
  2.7328368e+001
  2.7190006e+001
  2.7103299e+001
  2.7016592e+001
  2.6977851e+001
  2.6819196e+001
  2.6817351e+001
  2.6826575e+001
  2.6640248e+001
  2.6577524e+001
  2.6573834e+001
  2.6407800e+001
  2.6385662e+001
  2.6278662e+001
  2.6193800e+001
  2.6053593e+001
  2.5913387e+001
  2.5835904e+001
  2.5638508e+001
  2.5461404e+001
  2.5354404e+001
  2.5059232e+001
  2.4865526e+001
  2.4620164e+001
  2.4319458e+001
  2.4079630e+001
  2.3813975e+001
  2.3446855e+001
  2.3146149e+001
  2.2808546e+001
  2.2465408e+001
  2.2020805e+001
  2.1672133e+001
  2.1343754e+001
  2.0817979e+001
  2.0413962e+001
  1.9877118e+001
  1.9421446e+001
  1.8978688e+001
  1.8500879e+001
  1.7960345e+001
  1.7336794e+001
  1.6838691e+001
  1.6371950e+001
  1.5698589e+001
  1.5154366e+001
  1.4516056e+001
  1.3898040e+001
  1.3353816e+001
  1.2700748e+001
  1.2091956e+001
  1.1383543e+001
  1.0759992e+001
  1.0147510e+001
  9.3357868e+000
  8.7638909e+000
  8.1052883e+000
  7.3470651e+000
  6.7013763e+000
  6.0593771e+000
  5.3841711e+000
  4.8159649e+000
  4.1739657e+000
  3.5614837e+000
  2.9397776e+000
  2.3512783e+000
  1.7756929e+000
  1.0064007e+000
  4.5479797e-001
 -1.3001163e-001
 -8.5687279e-001
 -1.3808032e+000
 -2.0965954e+000
 -2.5651810e+000
 -3.2182491e+000
 -3.8786966e+000
 -4.4155407e+000
 -5.1055054e+000
 -5.6903150e+000
 -6.1828833e+000
 -6.9152789e+000
 -7.4613472e+000
 -8.1033464e+000
 -8.7730180e+000
 -9.3098621e+000
 -9.9703096e+000
 -1.0549585e+001
 -1.1147308e+001
 -1.1765325e+001
 -1.2298479e+001
 -1.3062237e+001
 -1.2901737e+001
 -1.3541891e+001
 -1.4119322e+001
 -1.4702286e+001
 -1.5919871e+001
 -1.6500991e+001
 -1.7085801e+001
 -1.7753627e+001
 -1.8342127e+001
 -1.8965678e+001
 -1.9591073e+001
 -2.0100245e+001
 -2.0779141e+001
 -2.1351037e+001
 -2.1884191e+001
 -2.2515121e+001
 -2.3046431e+001
 -2.3583275e+001
 -2.4096137e+001
 -2.4590550e+001
 -2.5134773e+001
 -2.5570152e+001
 -2.6038738e+001
 -2.5909600e+001
 -2.6472272e+001
 -2.7036788e+001
 -2.7462943e+001
 -2.7951821e+001
 -2.8398269e+001
 -2.8887148e+001
 -2.9379716e+001
 -2.9826164e+001
 -3.0303974e+001
 -3.0776249e+001
 -3.1272507e+001
 -3.1770610e+001
 -3.2244730e+001
 -3.2654281e+001
 -3.3224332e+001
 -3.3759331e+001
 -3.4259279e+001
 -3.4814571e+001
 -3.5165088e+001
 -3.5733294e+001
 -3.6236932e+001
 -3.6731345e+001
 -3.7236827e+001
 -3.8126033e+001
 -3.8865808e+001
 -3.9378669e+001
 -3.9749479e+001
 -4.0304771e+001
 -4.0642374e+001
 -4.1079598e+001
 -4.1522356e+001
 -4.1941131e+001
 -4.2407872e+001
 -4.2786061e+001
 -4.3188233e+001
 -4.3599629e+001
 -4.3891112e+001
 -4.4272990e+001
 -4.4466697e+001
 -4.4605059e+001
 -4.4909455e+001
 -4.4944507e+001
 -4.5034903e+001
 -4.5066265e+001
 -4.5049662e+001
 -4.5071800e+001
 -4.4959265e+001
 -4.5027524e+001
 -4.5036748e+001
 -4.4957421e+001
 -4.5025679e+001
 -4.4922369e+001
 -4.4920524e+001
 -4.4975869e+001
 -4.4846731e+001
 -4.4870714e+001
 -4.4883628e+001
 -4.4837507e+001
 -4.4879938e+001
 -4.4828283e+001
 -4.4830128e+001
 -4.4874403e+001
 -4.4778473e+001
 -4.4850421e+001
 -4.4758179e+001
 -4.4822748e+001
 -4.4841197e+001
 -4.4752645e+001
 -4.4844886e+001
 -4.4795076e+001
 -4.4765559e+001
 -4.4819059e+001
 -4.4724973e+001
 -4.4793231e+001
 -4.4795076e+001
 -4.4713904e+001
 -4.4787697e+001
 -4.4728662e+001
 -4.4756335e+001
 -4.4780317e+001
 -4.4713904e+001
 -4.4881783e+001
 -4.4900231e+001
 -4.5108696e+001
 -4.5241524e+001
 -4.5256282e+001
 -4.5477661e+001
 -4.5614178e+001
 -4.5730402e+001
 -4.6034799e+001
 -4.6217436e+001
 -4.6457264e+001
 -4.6733987e+001
 -4.7007021e+001
 -4.7333556e+001
 -4.7580762e+001
 -4.7975555e+001
 -4.8346365e+001
 -4.8687657e+001
 -4.9172846e+001
 -4.9600846e+001
 -4.9982725e+001
 -5.0473448e+001
 -5.0929120e+001
 -5.1453050e+001
 -5.1941929e+001
 -5.2476928e+001
 -5.2982410e+001
 -5.3373513e+001
 -5.4026582e+001
 -5.4581874e+001
 -5.5185132e+001
 -5.5893545e+001
 -5.6393492e+001
  9.1236319e+000
  8.5388223e+000
  7.8525473e+000
  7.3581341e+000
  6.8489623e+000
  6.2180321e+000
  5.7088603e+000
  5.1111369e+000
  4.6019652e+000
  3.9728797e+000
  3.4544838e+000
  2.8752087e+000
  2.1926234e+000
  1.6133482e+000
  1.0027111e+000
  2.8691887e-001
 -6.2257998e-001
 -1.2701136e+000
 -1.9287163e+000
 -2.5651810e+000
 -3.1905767e+000
 -3.8584035e+000
 -4.5668164e+000
 -5.1866777e+000
 -5.8065390e+000
 -6.5573828e+000
 -7.1163649e+000
 -8.9851729e+000
 -1.7722265e+001
 -1.8581954e+001
 -1.9270074e+001
 -1.9878866e+001
 -2.0159279e+001
 -2.0862158e+001
 -2.1424830e+001
 -2.1633295e+001
 -2.2448708e+001
 -2.2697759e+001
 -2.2893311e+001
 -2.3361896e+001
 -2.3703189e+001
 -2.4127499e+001
 -4.0136892e+001
 -4.0638685e+001
 -4.0494788e+001
 -4.0579650e+001
 -4.0826857e+001
 -4.0978133e+001
 -4.1169994e+001
 -4.1090667e+001
 -4.1483615e+001
 -4.1513132e+001
 -4.1271460e+001
 -4.1907924e+001
 -4.1760338e+001
 -4.1531580e+001
 -4.1749269e+001
 -4.1815683e+001
 -4.1841511e+001
 -4.1760338e+001
 -4.3243578e+001
 -4.3265716e+001
 -4.3155026e+001
 -4.3339509e+001
 -4.3291543e+001
 -4.3208526e+001
 -4.3400388e+001
 -4.3321061e+001
 -4.3274940e+001
 -4.3348733e+001
 -4.3286009e+001
 -4.3280474e+001
 -4.3206681e+001
 -4.3193768e+001
 -4.3254647e+001
 -4.3158716e+001
 -4.3274940e+001
 -4.3204837e+001
 -4.3119975e+001
 -4.3232509e+001
 -4.3199302e+001
 -4.3228819e+001
 -4.3191923e+001
 -4.3190078e+001
 -4.3254647e+001
 -4.3129199e+001
 -4.3197457e+001
 -4.3212216e+001
 -4.3105216e+001
 -4.3238043e+001
 -4.3214061e+001
 -4.3123664e+001
 -4.3256492e+001
 -4.3186388e+001
 -4.3158716e+001
 -4.3175319e+001
 -4.3195612e+001
 -4.3269405e+001
 -4.3110751e+001
 -4.3169785e+001
 -4.3278630e+001
 -4.3095992e+001
 -4.3195612e+001
 -4.3175319e+001
 -4.3088613e+001
 -4.3129199e+001
 -4.3092302e+001
 -4.3097837e+001
 -4.3031423e+001
 -4.3040647e+001
 -4.3149492e+001
 -4.2928113e+001
 -4.2983458e+001
 -4.3033268e+001
 -4.2904130e+001
 -4.3003751e+001
 -4.2988992e+001
 -4.2854320e+001
 -4.2942871e+001
 -4.2917044e+001
 -4.2983458e+001
 -4.2902285e+001
 -4.2915199e+001
 -4.2941027e+001
 -4.2751010e+001
 -4.2804510e+001
 -4.2896751e+001
 -4.2782372e+001
 -4.2870923e+001
 -4.2874613e+001
 -4.2819268e+001
 -4.2830337e+001
 -4.2913354e+001
 -4.2926268e+001
 -4.2861699e+001
 -4.2907820e+001
 -4.2994527e+001
 -4.2863544e+001
 -4.2981613e+001
 -4.2970544e+001
 -4.2909665e+001
 -4.3005595e+001
 -4.3000061e+001
 -4.2990837e+001
 -4.3018509e+001
 -4.3118130e+001
 -4.3199302e+001
 -4.3018509e+001
 -4.3156871e+001
 -4.3230664e+001
 -4.3123664e+001
 -4.3245423e+001
 -4.3332130e+001
 -4.3254647e+001
 -4.3367181e+001
 -4.3391164e+001
 -4.3370871e+001
 -4.3446509e+001
 -4.3457578e+001
 -4.3540595e+001
 -4.3348733e+001
 -4.3424371e+001
 -4.3514767e+001
 -4.3335819e+001
 -4.3444664e+001
 -4.3391164e+001
 -4.3376405e+001
 -4.3439129e+001
 -4.3416992e+001
 -4.3549819e+001
 -4.3477871e+001
 -4.3601474e+001
 -4.3758284e+001
 -4.3717698e+001
 -4.3865284e+001
 -4.4136473e+001
 -4.4234249e+001
 -4.4538645e+001
 -4.4796921e+001
 -4.4986938e+001
 -4.7311418e+001
 -5.3030376e+001
 -5.3168738e+001
 -5.3153979e+001
 -5.3248065e+001
 -5.3093100e+001
 -5.3063583e+001
 -5.3059893e+001
 -5.2949204e+001
 -5.2975031e+001
 -5.3022997e+001
 -5.3000859e+001
 -5.2993479e+001
 -5.2978721e+001
 -5.3056203e+001
 -5.2969497e+001
 -5.2943669e+001
 -5.3037755e+001
 -5.2934445e+001
 -5.2928911e+001
 -5.3030376e+001
 -5.2866186e+001
 -5.2960273e+001
 -5.3021152e+001
 -5.2956583e+001
 -5.3022997e+001
 -5.3011928e+001
 -5.3089410e+001
 -5.3032221e+001
 -5.3083876e+001
 -5.3205634e+001
 -5.2403135e+001
 -5.2388377e+001
 -5.2412359e+001
 -5.2403135e+001
 -5.2462170e+001
 -5.2467704e+001
 -5.2491687e+001
 -5.2510135e+001
 -5.2521204e+001
 -5.2600532e+001
 -5.2589463e+001
 -5.2637428e+001
 -5.2657721e+001
 -5.2633739e+001
 -5.2713066e+001
 -5.2720445e+001
 -5.2751807e+001
 -5.2812687e+001
 -5.2829290e+001
