 -6.7649271e+001
 -6.7730985e+001
 -6.7619977e+001
 -6.7706317e+001
 -6.7712484e+001
 -6.7623061e+001
 -6.7707858e+001
 -6.7715567e+001
 -6.7703233e+001
 -6.7752570e+001
 -6.7763362e+001
 -6.7849701e+001
 -6.7741777e+001
 -6.7738694e+001
 -6.7868203e+001
 -6.7706317e+001
 -6.7727901e+001
 -6.7734068e+001
 -6.7542889e+001
 -6.7519762e+001
 -6.7405671e+001
 -6.7219116e+001
 -6.6998643e+001
 -6.6775085e+001
 -6.6690288e+001
 -6.6334138e+001
 -6.6058161e+001
 -6.5876231e+001
 -6.5422950e+001
 -6.5160848e+001
 -6.4844785e+001
 -6.4430048e+001
 -6.4086232e+001
 -6.3671495e+001
 -6.3242882e+001
 -6.2771099e+001
 -6.2320902e+001
 -6.1964752e+001
 -6.1377336e+001
 -6.0899386e+001
 -6.0467690e+001
 -5.9846355e+001
 -5.9410033e+001
 -5.7806589e+001
 -5.7251550e+001
 -5.6765892e+001
 -5.6240147e+001
 -5.5785324e+001
 -5.5120819e+001
 -5.4639786e+001
 -5.4394644e+001
 -5.3797978e+001
 -5.3463413e+001
 -5.2094318e+001
 -5.1543905e+001
 -5.1274094e+001
 -5.0876317e+001
 -5.0675886e+001
 -5.0424577e+001
 -5.0145516e+001
 -4.9940460e+001
 -4.9644440e+001
 -4.9501055e+001
 -4.9471761e+001
 -4.9251287e+001
 -4.9143363e+001
 -4.8939849e+001
 -4.8830383e+001
 -4.8868928e+001
 -4.8796464e+001
 -4.8794922e+001
 -4.7660177e+001
 -4.9288290e+001
 -4.9294457e+001
 -4.9336085e+001
 -4.9331460e+001
 -4.9334543e+001
 -4.9356128e+001
 -4.9255913e+001
 -4.9329918e+001
 -4.9266705e+001
 -4.9283665e+001
 -4.9411632e+001
 -4.9279039e+001
 -4.9340710e+001
 -4.9393131e+001
 -4.9333001e+001
 -4.9385422e+001
 -4.9363837e+001
 -4.9376171e+001
 -4.9434758e+001
 -4.9366920e+001
 -4.9447093e+001
 -4.9376171e+001
 -4.9396214e+001
 -4.9519556e+001
 -4.9356128e+001
 -4.9399298e+001
 -4.9419341e+001
 -4.9410090e+001
 -4.9428591e+001
 -4.9411632e+001
 -4.9445551e+001
 -4.9447093e+001
 -4.9394672e+001
 -4.9453260e+001
 -4.9368462e+001
 -4.9356128e+001
 -4.9383880e+001
 -4.9166490e+001
 -4.9140280e+001
 -4.9095568e+001
 -4.8867386e+001
 -4.8710125e+001
 -4.8572907e+001
 -4.8315431e+001
 -4.8085707e+001
 -4.9188075e+001
 -4.7307111e+001
 -4.6889290e+001
 -4.6736655e+001
 -4.6280290e+001
 -4.5905639e+001
 -4.5560282e+001
 -4.5162504e+001
 -3.9100251e+001
 -3.8286194e+001
 -3.7506057e+001
 -3.6855428e+001
 -3.6234094e+001
 -3.5375326e+001
 -3.4687695e+001
 -3.3987730e+001
 -3.3118169e+001
 -3.2683389e+001
 -3.1900168e+001
 -3.1059902e+001
 -3.0534157e+001
 -2.9729351e+001
 -2.9040178e+001
 -2.8352547e+001
 -2.7609412e+001
 -2.7157673e+001
 -2.6329740e+001
 -2.5648277e+001
 -2.5045443e+001
 -2.4251430e+001
 -2.3856736e+001
 -2.3241568e+001
 -2.2379717e+001
 -2.1934144e+001
 -2.1343645e+001
 -2.0740811e+001
 -2.0187315e+001
 -1.9584481e+001
 -1.9225248e+001
 -1.8425068e+001
 -1.7905490e+001
 -1.7421373e+001
 -1.6750702e+001
 -1.6328256e+001
 -1.5921227e+001
 -1.5059376e+001
 -2.1602663e+001
 -2.2257917e+001
 -2.2754368e+001
 -2.3441999e+001
 -4.3955295e+001
 -4.4271359e+001
 -4.4710764e+001
 -4.5262719e+001
 -4.5577241e+001
 -4.6152323e+001
 -4.6636440e+001
 -4.6929377e+001
 -4.7627800e+001
 -4.7829772e+001
 -4.8133502e+001
 -4.8731710e+001
 -4.8921348e+001
 -4.9371546e+001
 -4.9709194e+001
 -4.9854121e+001
 -5.0270400e+001
 -5.0290443e+001
 -5.4732292e+001
 -5.5068399e+001
 -5.5213326e+001
 -5.5324333e+001
 -5.5537098e+001
 -5.5635772e+001
 -5.5985754e+001
 -5.6027382e+001
 -5.6432869e+001
 -5.6826021e+001
 -5.6789018e+001
 -5.7296262e+001
 -5.7427312e+001
 -5.7673996e+001
 -5.8158113e+001
 -5.8235202e+001
 -5.8458759e+001
 -5.8807200e+001
 -5.9018423e+001
 -5.9345279e+001
 -5.9454745e+001
 -5.9826312e+001
 -6.0130041e+001
 -6.0216381e+001
 -6.1677982e+001
 -6.1932375e+001
 -6.2085010e+001
 -6.2388740e+001
 -6.2666259e+001
 -6.2781892e+001
 -6.3093330e+001
 -6.3301470e+001
 -6.3578989e+001
 -6.3725457e+001
 -6.4110901e+001
 -6.4386878e+001
 -6.4497886e+001
 -6.4792365e+001
 -6.4904914e+001
 -6.5060633e+001
 -6.5385947e+001
 -6.5521623e+001
 -6.5711262e+001
 -6.5819186e+001
 -6.6051994e+001
 -6.6295594e+001
 -6.6286343e+001
 -6.6651743e+001
 -6.6816713e+001
 -6.6759668e+001
 -6.8531165e+001
 -6.8726971e+001
 -6.8811768e+001
 -6.8965946e+001
 -6.9103163e+001
 -6.9220338e+001
 -6.9480898e+001
 -6.9613490e+001
 -6.9689037e+001
 -6.9906427e+001
 -6.9961931e+001
 -7.0193197e+001
 -7.0257952e+001
 -7.0389002e+001
 -7.0589433e+001
 -7.0691190e+001
 -7.0762112e+001
 -7.0851535e+001
 -7.0990294e+001
 -7.1110553e+001
 -7.1193808e+001
 -7.1310983e+001
 -7.1417365e+001
 -7.1486745e+001
 -7.1684092e+001
 -7.1808976e+001
 -7.1947736e+001
 -7.2003239e+001
 -7.2171293e+001
 -7.1412740e+001
 -7.1423533e+001
 -7.1821310e+001
 -7.1869105e+001
 -7.2003239e+001
 -7.2158959e+001
 -7.1964695e+001
 -7.2202128e+001
 -7.2109622e+001
 -7.2179002e+001
 -7.2448812e+001
 -7.2436478e+001
 -7.2629199e+001
 -7.2888217e+001
 -7.3091731e+001
 -7.3521886e+001
 -7.3500301e+001
 -7.3942790e+001
 -7.4249603e+001
 -7.4417657e+001
 -7.5032824e+001
 -7.5271799e+001
 -7.5671119e+001
 -7.6206114e+001
 -7.6448172e+001
 -7.6963125e+001
 -7.7125011e+001
 -7.7461118e+001
 -7.7861979e+001
 -7.7889731e+001
 -7.8327594e+001
 -7.8447853e+001
 -7.8534192e+001
 -7.8961263e+001
 -7.9655061e+001
 -7.9783029e+001
 -7.9305079e+001
 -7.9448464e+001
 -7.9613434e+001
 -7.9744484e+001
 -8.0105259e+001
 -8.0325733e+001
 -5.4852551e+001
 -5.4408520e+001
 -5.3770226e+001
 -5.3432577e+001
 -5.2846703e+001
 -5.2373379e+001
 -5.1684206e+001
 -5.1178504e+001
 -5.0910236e+001
 -5.0191769e+001
 -4.9541141e+001
 -4.9107903e+001
 -4.8471150e+001
 -4.7954656e+001
 -4.7498291e+001
 -4.6722779e+001
 -4.6254080e+001
 -4.5466233e+001
 -4.5034537e+001
 -4.4485665e+001
 -4.3773366e+001
 -4.3441885e+001
 -4.2743461e+001
 -4.1957157e+001
 -4.1517751e+001
 -4.0763824e+001
 -4.0213411e+001
 -3.9522696e+001
 -3.8788812e+001
 -3.8142809e+001
 -3.7382715e+001
 -3.6656540e+001
 -3.5891820e+001
 -3.4943629e+001
 -3.4336170e+001
 -3.3525197e+001
 -3.2848359e+001
 -3.2168437e+001
 -3.1468472e+001
 -3.0754630e+001
 -3.0037706e+001
 -2.9268361e+001
 -2.8764201e+001
 -2.8045734e+001
 -2.7635623e+001
 -2.6981911e+001
 -2.6158604e+001
 -2.5881084e+001
 -2.5202704e+001
 -2.4629164e+001
 -2.4186675e+001
 -2.3625470e+001
 -2.3095100e+001
 -2.2698864e+001
 -2.2092947e+001
 -2.1687460e+001
 -2.1141673e+001
 -2.0865695e+001
 -2.0312198e+001
 -1.9681613e+001
 -1.9360924e+001
 -1.8916893e+001
 -1.8465154e+001
 -1.8027290e+001
 -1.7566300e+001
 -1.7133061e+001
 -1.6638152e+001
 -1.6295878e+001
 -1.5827179e+001
 -1.5296809e+001
 -1.5023915e+001
 -1.4447292e+001
 -1.3795122e+001
 -1.3465182e+001
 -1.2928645e+001
 -1.2356647e+001
 -1.1852487e+001
 -1.1135562e+001
 -1.0694615e+001
 -1.0000817e+001
 -9.5537027e+000
 -8.8753223e+000
 -8.1630230e+000
 -7.8485012e+000
 -7.1084499e+000
 -6.5426190e+000
 -6.1016718e+000
 -5.5867194e+000
 -5.2506128e+000
 -4.7109920e+000
 -4.4273057e+000
 -4.1405358e+000
 -3.7535507e+000
 -3.6410012e+000
 -3.2432236e+000
 -2.9579955e+000
 -3.0875045e+000
 -2.6912687e+000
 -2.7251877e+000
 -2.7236460e+000
 -2.5925952e+000
 -2.6635168e+000
 -2.5031723e+000
 -2.6218889e+000
 -2.6928105e+000
 -2.5463420e+000
 -2.8716562e+000
 -2.8608638e+000
 -2.7390637e+000
 -3.1399248e+000
 -3.0597526e+000
 -3.1923451e+000
 -3.3465225e+000
 -3.2879351e+000
 -3.4636973e+000
 -3.3619402e+000
 -3.5947480e+000
 -3.6949633e+000
 -3.6363759e+000
 -3.8075127e+000
 -3.8213887e+000
 -3.6810873e+000
 -3.9015609e+000
 -3.8368064e+000
 -3.9293129e+000
 -4.0079433e+000
 -3.8861432e+000
 -5.5466333e+000
 -5.3862888e+000
 -5.4294585e+000
 -5.4602940e+000
 -5.3647040e+000
 -5.4664611e+000
 -5.3816635e+000
 -5.3261597e+000
 -5.4695446e+000
 -5.3600787e+000
 -5.3708711e+000
 -6.4316113e+000
 -6.2018870e+000
 -6.2805175e+000
 -6.2650997e+000
 -6.3051859e+000
 -6.3776492e+000
 -6.2913099e+000
 -6.3930669e+000
 -6.4023176e+000
 -6.4239024e+000
 -6.4609050e+000
 -6.4747809e+000
 -7.3690096e+000
 -7.3273817e+000
 -7.2132905e+000
 -7.3227564e+000
 -7.2950045e+000
 -7.2919209e+000
 -7.3751767e+000
 -7.3088804e+000
 -7.3427994e+000
 -7.3505083e+000
 -7.3936780e+000
 -7.4137210e+000
 -7.3967615e+000
 -7.4938932e+000
 -7.5108528e+000
 -7.4784755e+000
 -7.5740655e+000
 -7.4723084e+000
 -7.4491818e+000
 -7.4198881e+000
 -7.3998451e+000
 -7.3566754e+000
 -7.3212146e+000
 -7.3350906e+000
 -7.3690096e+000
 -7.3135057e+000
 -7.4707666e+000
 -7.4553489e+000
 -7.5154781e+000
 -7.6496124e+000
 -7.6634883e+000
 -7.8346252e+000
 -8.1121444e+000
 -8.3696206e+000
 -8.7550640e+000
 -9.1297150e+000
 -9.5167001e+000
 -1.0494185e+001
 -1.0912005e+001
 -1.1440833e+001
 -1.1937285e+001
 -1.2347396e+001
 -1.2848473e+001
 -1.3539187e+001
 -1.3901504e+001
 -1.4357869e+001
 -1.4734062e+001
 -1.5068627e+001
 -1.5392399e+001
 -1.5757799e+001
 -1.6053820e+001
 -1.6243458e+001
 -1.6514810e+001
 -1.6752243e+001
 -1.6816998e+001
 -1.7026679e+001
 -1.7194732e+001
 -1.7296489e+001
 -1.7493836e+001
 -1.7678849e+001
 -1.7860778e+001
 -1.8075085e+001
 -1.8343354e+001
 -1.8708754e+001
 -1.8903017e+001
 -1.8482113e+001
 -1.8862931e+001
 -1.9290003e+001
 -1.9706281e+001
 -2.0114851e+001
 -1.9399468e+001
 -1.9656945e+001
 -2.0137978e+001
 -2.0654472e+001
 -2.1012164e+001
 -2.1550242e+001
 -2.2032818e+001
 -2.1699795e+001
 -2.2247124e+001
 -2.2567813e+001
 -2.3395745e+001
 -2.3824358e+001
 -2.4285349e+001
 -2.5124074e+001
 -2.5625150e+001
 -2.6220275e+001
 -2.6638095e+001
 -2.7293349e+001
 -2.7965562e+001
 -2.8495932e+001
 -2.9245234e+001
 -2.9803356e+001
 -3.0255096e+001
 -3.1015190e+001
 -3.1388299e+001
 -3.1940254e+001
 -3.2651012e+001
 -3.3064207e+001
 -3.3554491e+001
 -3.4012398e+001
 -3.4522725e+001
 -3.5053095e+001
 -3.5406161e+001
 -3.6192466e+001
 -3.6411398e+001
 -3.6850803e+001
 -3.7547685e+001
 -3.7766616e+001
 -3.8446539e+001
 -3.9135711e+001
 -3.9602869e+001
 -4.0298209e+001
 -4.0751490e+001
 -4.1712015e+001
 -4.2322557e+001
 -4.2942350e+001
 -4.3946045e+001
 -4.4394701e+001
 -4.5140919e+001
 -4.6081401e+001
 -4.6550100e+001
 -4.7333321e+001
 -4.8017869e+001
 -4.8620702e+001
 -5.7229965e+001
 -5.7516735e+001
 -5.8178156e+001
 -5.8620645e+001
 -5.8699276e+001
 -5.9437785e+001
 -5.9642841e+001
 -6.0082246e+001
 -6.0575614e+001
 -6.0715915e+001
 -6.1139903e+001
 -6.1335708e+001
 -6.1731944e+001
 -6.2632340e+001
 -6.2809644e+001
 -6.3076371e+001
 -6.3221297e+001
 -6.3282968e+001
 -6.3595948e+001
 -6.3554320e+001
 -6.3628326e+001
 -6.3760918e+001
 -6.3586698e+001
 -6.3511151e+001
 -6.3372391e+001
 -6.3219756e+001
 -6.3000824e+001
 -6.2606130e+001
 -6.2376405e+001
 -6.1907706e+001
 -6.1388129e+001
 -6.0772961e+001
 -6.0049869e+001
 -5.9550335e+001
 -5.9211144e+001
 -5.8478802e+001
 -2.1790759e+001
 -2.2652611e+001
 -2.3090474e+001
 -2.3881404e+001
 -2.4713962e+001
 -2.5165701e+001
 -2.5953548e+001
 -2.6645804e+001
 -2.7455235e+001
 -2.7979438e+001
 -2.8463555e+001
 -2.9206690e+001
 -2.9573632e+001
 -2.9897404e+001
 -3.0578868e+001
 -3.0782382e+001
 -3.1409884e+001
 -3.1719781e+001
 -3.2069763e+001
 -3.2499918e+001
 -3.2953199e+001
 -3.3318600e+001
 -3.3542157e+001
 -3.3656248e+001
 -3.4103363e+001
 -3.4112613e+001
 -3.4266791e+001
 -3.4427135e+001
 -3.4117239e+001
 -3.4138823e+001
 -3.3912183e+001
 -3.3677833e+001
 -3.3354061e+001
 -3.2866860e+001
 -3.2865318e+001
 -3.2436705e+001
 -3.1924837e+001
 -3.1894001e+001
 -3.1305044e+001
 -3.0856387e+001
 -3.0427774e+001
 -2.9624510e+001
 -2.9300738e+001
 -2.8680945e+001
 -2.7920851e+001
 -2.7408982e+001
 -2.6809232e+001
 -2.6439206e+001
 -2.5834831e+001
 -2.5215038e+001
 -2.4968354e+001
 -2.4325435e+001
 -2.3923032e+001
 -2.3702558e+001
 -2.2974841e+001
 -2.2755909e+001
 -2.2358132e+001
 -2.2099114e+001
 -2.1761465e+001
 -2.1292766e+001
 -2.1218761e+001
 -2.0720768e+001
 -2.0306031e+001
 -2.0261320e+001
 -1.9766411e+001
 -1.9417970e+001
 -1.9205205e+001
 -1.8620873e+001
 -1.8344895e+001
 -1.7950201e+001
 -1.7629512e+001
 -1.7273363e+001
 -1.6715241e+001
 -1.6557980e+001
 -1.5999858e+001
 -1.5517283e+001
 -1.5353855e+001
 -1.4772606e+001
 -1.4407206e+001
 -1.3987843e+001
 -1.3455931e+001
 -1.3135243e+001
 -1.2697379e+001
 -1.2333520e+001
 -1.1907991e+001
 -1.1266613e+001
 -1.0998344e+001
 -1.0417096e+001
 -9.9607309e+000
 -9.6631686e+000
 -9.0387503e+000
 -8.5885525e+000
 -8.1691901e+000
 -7.5709819e+000
 -7.1593284e+000
 -6.7430495e+000
 -6.2851428e+000
 -5.5635928e+000
 -5.0085543e+000
 -4.6061514e+000
 -3.9015609e+000
 -3.2555578e+000
 -2.7436890e+000
  5.5880551e+000
  6.1384683e+000
  6.9031879e+000
  7.5846518e+000
  8.2691993e+000
  8.7764428e+000
  1.7065017e+001
  1.7496714e+001
  1.8320021e+001
  1.8825723e+001
  1.9649030e+001
  1.9285171e+001
  1.9783164e+001
  2.0484671e+001
  2.0953370e+001
  2.1488366e+001
  2.2105075e+001
  2.2627736e+001
  2.3208985e+001
  2.3685393e+001
  2.4231181e+001
  2.4877184e+001
  2.5265711e+001
  2.6027347e+001
  2.6585469e+001
  2.7057251e+001
  2.7829680e+001
  2.8341549e+001
  2.8938215e+001
  2.9530256e+001
  3.0105338e+001
  3.0722047e+001
  3.1275544e+001
  3.1910755e+001
  3.2515130e+001
  3.2931409e+001
  3.3612873e+001
  3.4149410e+001
  3.4579565e+001
  3.5330408e+001
  3.5760563e+001
  3.6317143e+001
  3.6855222e+001
  3.7399468e+001
  3.7979175e+001
  3.8461750e+001
  3.9049166e+001
  3.9567202e+001
  3.9991190e+001
  4.0615608e+001
  4.1095099e+001
  4.1479001e+001
  4.2086460e+001
  4.2589078e+001
  4.3104030e+001
  4.3523393e+001
  4.4021386e+001
  4.4553297e+001
  4.4949533e+001
  4.5563159e+001
  4.5953228e+001
  4.6280084e+001
  4.6838206e+001
  4.7200523e+001
  4.7607551e+001
  4.8039247e+001
  4.8460152e+001
  5.0741976e+001
  5.1717919e+001
  5.1667041e+001
  5.1247678e+001
  5.1243053e+001
  5.0959366e+001
  5.0808273e+001
  5.0455207e+001
  5.0156102e+001
  4.9932545e+001
  4.9696654e+001
  4.9502390e+001
  4.9246456e+001
  4.8857929e+001
  4.8660582e+001
  4.8224260e+001
  4.8168756e+001
  4.7969868e+001
  4.7593675e+001
  4.7427163e+001
  4.7114183e+001
  4.6918378e+001
  4.6569937e+001
  4.6127448e+001
  4.6033400e+001
  4.5493779e+001
  4.5264055e+001
  4.5126837e+001
  4.4525546e+001
  4.2154298e+001
  4.1950784e+001
  4.1491335e+001
  4.1335616e+001
  4.0974841e+001
  4.0792912e+001
  4.0589398e+001
  4.0211663e+001
  4.0083696e+001
  3.9732172e+001
  3.9382189e+001
  3.9200260e+001
  3.8626720e+001
  3.8372327e+001
  3.7986884e+001
  3.7550562e+001
  3.7328547e+001
  3.6930769e+001
  3.6767341e+001
  3.6568452e+001
  3.6290933e+001
  3.6270890e+001
  3.3084044e+001
  3.2804983e+001
  3.2697059e+001
  3.2593760e+001
  3.2282322e+001
  3.2169772e+001
  3.2000177e+001
  3.1815165e+001
  3.1617818e+001
  3.1400428e+001
  3.1311005e+001
  3.0970273e+001
  3.0779093e+001
  3.0695837e+001
  3.0373606e+001
  3.0211720e+001
  2.9995872e+001
  2.9739937e+001
  2.9632013e+001
  2.9451626e+001
  2.9349869e+001
  2.9090851e+001
  2.8890420e+001
  2.8827207e+001
  2.8557397e+001
  2.8341549e+001
  3.0603331e+001
  2.8105657e+001
  3.1221582e+001
  3.0789885e+001
  3.0627999e+001
  3.0467655e+001
  3.0302685e+001
  3.0187052e+001
  2.9986621e+001
  2.9920325e+001
  2.9718353e+001
  2.9584218e+001
  2.9409998e+001
  2.9169481e+001
  2.9169481e+001
  2.9064641e+001
  2.8796372e+001
  2.8842625e+001
  2.8645278e+001
  2.8478767e+001
  2.8437139e+001
  2.8168870e+001
  2.8145744e+001
  2.7928354e+001
  2.7835847e+001
  2.7774176e+001
  2.7573746e+001
  2.7604581e+001
  2.7439611e+001
  2.7277725e+001
  2.7277725e+001
  2.7165176e+001
  2.7142049e+001
  2.7091171e+001
  2.6932368e+001
  2.6998664e+001
  2.6847570e+001
  2.6904616e+001
  2.6896907e+001
  2.6738104e+001
  2.6858363e+001
  2.6751980e+001
  2.6661016e+001
  2.6802859e+001
  2.6699560e+001
  2.6846029e+001
  2.6810568e+001
  2.6704185e+001
  2.6889198e+001
  2.6804401e+001
  2.6913867e+001
  2.6949327e+001
  2.6755064e+001
  2.6964745e+001
  2.6916950e+001
  2.6773565e+001
  2.4525659e+001
  2.4476323e+001
  2.4443945e+001
  2.4567287e+001
  2.4479406e+001
  2.4556495e+001
  2.4647459e+001
  2.4655168e+001
  2.4746133e+001
  2.9830902e+001
  3.0022082e+001
  2.9992788e+001
  2.9792358e+001
  2.9926492e+001
  3.0177801e+001
  3.0005122e+001
  2.3150397e+001
  7.3688035e+000
  6.8877702e+000
  6.4344888e+000
  5.8146958e+000
  9.1110076e+000
  4.6013201e+000
  3.9398992e+000
  3.3833190e+000
  2.8359894e+000
  2.2593661e+000
  1.9386772e+000
  1.1076613e+000
  6.1737728e-001
  9.1632503e-002
 -6.6383652e-001
 -1.1279104e+000
 -1.6736982e+000
 -2.2379873e+000
 -2.7483143e+000
 -8.4991296e+000
 -8.7473551e+000
 -9.3717734e+000
 -9.5968723e+000
 -1.7557049e+001
 -1.8079710e+001
 -1.8475946e+001
 -1.9129658e+001
 -1.9519727e+001
 -1.9929839e+001
 -2.0723852e+001
 -2.1059959e+001
 -2.1524032e+001
 -2.2160785e+001
 -2.2496891e+001
 -2.3082765e+001
 -2.3517546e+001
 -2.3939991e+001
 -2.4515073e+001
 -2.4934435e+001
 -2.5551145e+001
 -2.6009052e+001
 -2.6383702e+001
 -2.7062083e+001
 -2.7452152e+001
 -2.7947061e+001
 -2.8707155e+001
 -2.8876750e+001
 -2.9439498e+001
 -2.9980660e+001
 -3.0316767e+001
 -3.0870263e+001
 -3.1184785e+001
 -3.1903252e+001
 -3.2319531e+001
 -3.2590883e+001
 -3.3360228e+001
 -3.3714836e+001
 -3.4206661e+001
 -3.4861915e+001
 -3.5199564e+001
 -3.5780812e+001
 -3.6274180e+001
 -3.6864679e+001
 -3.7401216e+001
 -3.7839080e+001
 -3.8495875e+001
 -3.9010828e+001
 -3.9339225e+001
 -4.0148657e+001
 -4.0552601e+001
 -4.1123057e+001
 -4.1813772e+001
 -4.2237760e+001
 -4.2829801e+001
 -4.3406424e+001
 -4.4075554e+001
 -4.4613633e+001
 -4.5079248e+001
 -4.5810049e+001
 -4.6249454e+001
 -4.6826078e+001
 -4.7581547e+001
 -4.8054871e+001
 -4.8666955e+001
 -4.9514931e+001
 -4.9962045e+001
 -5.0609590e+001
 -5.1217049e+001
 -5.1921639e+001
 -6.2256147e+001
 -6.2985406e+001
 -6.3235173e+001
 -6.3731624e+001
 -6.5003588e+001
 -6.5379780e+001
 -6.5768307e+001
 -6.6004199e+001
 -6.6383475e+001
 -6.6608574e+001
 -6.6884551e+001
 -6.7334749e+001
 -6.7515137e+001
 -6.7877453e+001
 -6.8232061e+001
 -6.8407824e+001
 -6.8794809e+001
 -6.9036867e+001
 -6.9345222e+001
 -6.9622741e+001
 -6.9830880e+001
 -7.0196281e+001
 -7.0427547e+001
 -7.0632603e+001
 -7.1031922e+001
 -7.1139846e+001
 -7.1482120e+001
 -1.0596080e+002
 -1.0602710e+002
 -1.0657134e+002
 -1.0659447e+002
 -1.0696295e+002
 -1.0710480e+002
 -1.0739465e+002
 -1.0763208e+002
 -1.0765984e+002
 -7.6334081e+001
 -7.5037450e+001
 -7.4753763e+001
 -7.4470077e+001
 -7.3799406e+001
 -7.3811740e+001
 -7.3225866e+001
 -7.2838881e+001
 -7.2462688e+001
 -7.2354764e+001
 -7.1862938e+001
 -7.1482120e+001
 -7.1303274e+001
 -7.0715858e+001
 -7.0473800e+001
 -6.7983836e+001
 -6.7789572e+001
 -6.7678565e+001
 -6.7001726e+001
 -6.6668703e+001
 -6.6573113e+001
 -6.5914776e+001
 -6.5566335e+001
 -4.5319765e+001
 -4.4881901e+001
 -4.4942030e+001
 -4.4385450e+001
 -4.4175769e+001
 -4.4223564e+001
 -4.3798034e+001
 -4.3687027e+001
 -4.3451135e+001
 -4.3050274e+001
 -4.2911515e+001
 -4.2313307e+001
 -4.2156046e+001
 -4.1650344e+001
 -4.0871748e+001
 -2.6685890e+001
 -2.7177716e+001
 -2.7509197e+001
 -2.8300127e+001
 -2.8608482e+001
 -2.9111100e+001
 -2.9951366e+001
 -3.0182632e+001
 -3.0783924e+001
 -3.1305044e+001
 -3.1682778e+001
 -3.2243984e+001
 -3.2655637e+001
 -2.0560424e+001
 -2.0273654e+001
 -1.9812664e+001
 -1.9513560e+001
 -1.9131200e+001
 -1.8755007e+001
 -1.8576161e+001
 -1.7988746e+001
 -1.7829943e+001
 -1.7717394e+001
 -1.7219401e+001
 -1.7148479e+001
 -1.6911046e+001
 -1.6510185e+001
 -1.6362175e+001
 -1.6112407e+001
 -1.5945896e+001
 -1.5668376e+001
 -1.5376981e+001
 -1.5258265e+001
 -1.4650806e+001
 -1.4513588e+001
 -1.4380996e+001
 -1.3799747e+001
 -1.3716491e+001
 -1.3331048e+001
 -1.2905518e+001
 -1.2760592e+001
  5.7422325e+000
  6.1184252e+000
  6.6395447e+000
  7.1067020e+000
  7.6000696e+000
  8.1042295e+000
  8.5498021e+000
  9.2389748e+000
  9.6413777e+000
  9.9959856e+000
  1.0564900e+001
  1.1022807e+001
  1.1471463e+001
  1.2031127e+001
  1.2345648e+001
  1.2791221e+001
  1.3179748e+001
  1.3762538e+001
  1.4077060e+001
  1.4316035e+001
  1.4183443e+001
  1.4642891e+001
  1.4988248e+001
  1.5456947e+001
  1.5826973e+001
  1.6172330e+001
  1.6502270e+001
  1.6812166e+001
  1.7140564e+001
  1.7402666e+001
  1.7777317e+001
  1.8124216e+001
  1.8293811e+001
  1.8700839e+001
  1.8967566e+001
  1.9311381e+001
  1.9650571e+001
  1.9960468e+001
  2.0339744e+001
  2.0597220e+001
  2.0956454e+001
  2.1385067e+001
  2.1685713e+001
  2.2137452e+001
  2.2485893e+001
  2.2862086e+001
  2.2518270e+001
  2.2986969e+001
  2.3420208e+001
  2.3984497e+001
  2.4440862e+001
  2.5002067e+001
  2.5496977e+001
  2.6061266e+001
  2.6676433e+001
  2.7219138e+001
  2.7926812e+001
  2.8558939e+001
  2.9090851e+001
  2.9818568e+001
  3.0389024e+001
  3.0962564e+001
  3.1529936e+001
  3.2123519e+001
  3.2690892e+001
  3.3216637e+001
  3.4624276e+001
  3.5197816e+001
  3.5597135e+001
  3.6260098e+001
  3.6762716e+001
  3.7169744e+001
  3.7766410e+001
  3.8207358e+001
  3.8723852e+001
  3.9178675e+001
  3.9591870e+001
  4.0120699e+001
  4.0558562e+001
  4.0996426e+001
  4.1466667e+001
  4.1815108e+001
  4.2345478e+001
  4.2743255e+001
  4.3051610e+001
  4.3535727e+001
  4.3913461e+001
  4.4298905e+001
  4.4688974e+001
  4.5020455e+001
  4.5447526e+001
  4.5800592e+001
  4.6169076e+001
  4.6483598e+001
  4.6870583e+001
  4.7296113e+001
  4.7643012e+001
  4.7982202e+001
  4.8361478e+001
  4.8652873e+001
  4.9035233e+001
  4.9375965e+001
  4.9732115e+001
  5.0122183e+001
  5.0401244e+001
  5.0782063e+001
  5.0879194e+001
  5.1144379e+001
  5.1602286e+001
  5.1869013e+001
  5.2183535e+001
  5.2434844e+001
  5.1477402e+001
  5.1727170e+001
  5.1916808e+001
  5.2001605e+001
  5.1065749e+001
  5.1033372e+001
  5.0879194e+001
  5.0760478e+001
  5.0445956e+001
  5.0253234e+001
  5.0099057e+001
  4.9722864e+001
  4.9485431e+001
  4.9143157e+001
  4.8686792e+001
  4.8413898e+001
  2.8824124e+001
  3.0307310e+001
  3.0077586e+001
  2.9849403e+001
  2.9681350e+001
  2.9645889e+001
  2.9613512e+001
  2.9773856e+001
  2.9776940e+001
  2.9912616e+001
  3.0200928e+001
  3.0318102e+001
  3.0547827e+001
  3.0752883e+001
  3.0920936e+001
  3.1172245e+001
  3.1363425e+001
  3.1614734e+001
  3.1903046e+001
  3.2146646e+001
  3.2556758e+001
  3.2723269e+001
  3.3178092e+001
  3.3634457e+001
  3.3978273e+001
  3.4385301e+001
  3.4821623e+001
  3.5392079e+001
  3.5905490e+001
  3.6426609e+001
  3.7143534e+001
  3.7616858e+001
  3.8185773e+001
  3.8931991e+001
  3.9335936e+001
  3.9948020e+001
  4.0617150e+001
  4.1176813e+001
  4.1744186e+001
  4.2279182e+001
  4.2875848e+001
  4.3441679e+001
  4.3794745e+001
  4.4434581e+001
  4.4724434e+001
  4.5094460e+001
  4.5632539e+001
  4.5808301e+001
  4.6173701e+001
  4.6508266e+001
  4.6727198e+001
  4.6950755e+001
  4.7066388e+001
  4.7353158e+001
  4.7527379e+001
  4.7536629e+001
  4.7869652e+001
  4.7809523e+001
  4.7895862e+001
  4.8245845e+001
  4.8171840e+001
  4.8267430e+001
  4.8373812e+001
  4.8379979e+001
  4.8404648e+001
  4.8142546e+001
  4.8239678e+001
  4.8008412e+001
  3.9101586e+001
  3.8808649e+001
  3.8595885e+001
  3.8708434e+001
  3.8289072e+001
  3.8296780e+001
  3.8164188e+001
  3.7869709e+001
  3.7835790e+001
  3.7636901e+001
  3.7356299e+001
  3.7245291e+001
  3.6904559e+001
  3.6992440e+001
  3.6569994e+001
  3.6326394e+001
  3.6414275e+001
  3.5923991e+001
  3.5789857e+001
  3.5743604e+001
  3.5335034e+001
  3.5182398e+001
  3.4773828e+001
  3.4574939e+001
  3.4510185e+001
  3.3981356e+001
  3.3985982e+001
  3.3532700e+001
  3.3199677e+001
  3.6257014e+001
  2.7122006e+001
  2.6787441e+001
  2.6207734e+001
  2.5904005e+001
  2.5513936e+001
  2.4766176e+001
  2.4504075e+001
  2.3933618e+001
  2.3225944e+001
  2.2997762e+001
  2.2183705e+001
  2.1772052e+001
  2.1306436e+001
  2.0691269e+001
  2.0204068e+001
  1.9554982e+001
  1.9123285e+001
  1.8498867e+001
  1.7780400e+001
  1.7339453e+001
  1.6576275e+001
  1.5981150e+001
  1.5444613e+001
  1.4713813e+001
  1.4107896e+001
  1.3454184e+001
  1.2805097e+001
  1.2240808e+001
  1.1554719e+001
  1.1118397e+001
  1.0433849e+001
  9.7678032e+000
  9.3761927e+000
  8.7779846e+000
  8.1736093e+000
  7.6648241e+000
  6.9679424e+000
  6.5007851e+000
  5.8270300e+000
  5.3799157e+000
  4.8156266e+000
  4.0462816e+000
  3.7055496e+000
  2.9392882e+000
  2.2531990e+000
  1.9309683e+000
  1.1924588e+000
  1.2125019e+000
  5.3257973e-001
 -1.8434496e-001
 -7.8563663e-001
 -1.4717259e+000
 -2.1254378e+000
 -2.7174789e+000
 -3.3866086e+000
 -3.8846014e+000
 -4.7464528e+000
 -1.0236708e+001
 -1.0558939e+001
 -1.0796372e+001
 -1.1132479e+001
 -1.1480920e+001
 -1.1722978e+001
 -1.2264141e+001
 -1.2395191e+001
 -1.2925561e+001
 -1.3466724e+001
 -1.3619359e+001
 -1.4922158e+001
 -1.5185801e+001
 -1.5487989e+001
 -1.5674544e+001
 -1.5891934e+001
 -1.6280461e+001
 -1.6502476e+001
 -1.6906421e+001
 -1.7250236e+001
 -1.7498462e+001
 -1.7792940e+001
 -1.8064293e+001
 -1.8452819e+001
 -1.8790468e+001
 -1.9092655e+001
 -1.9473474e+001
 -1.9721699e+001
 -2.0091725e+001
 -2.0557340e+001
 -2.1195635e+001
 -2.1591870e+001
 -2.1853972e+001
 -2.2402843e+001
 -2.2856125e+001
 -2.3018011e+001
 -2.3576133e+001
 -2.3976994e+001
 -2.4342394e+001
 -2.4834220e+001
 -2.5276709e+001
 -2.5773160e+001
 -2.6112350e+001
 -2.6605718e+001
 -2.7183883e+001
 -2.7350394e+001
 -2.7816010e+001
 -2.8230747e+001
 -2.8559145e+001
 -2.9106475e+001
 -2.9556672e+001
 -2.9988369e+001
 -3.0338352e+001
 -3.0776215e+001
 -3.1380590e+001
 -3.1590272e+001
 -3.2128351e+001
 -3.2748144e+001
 -3.2979410e+001
 -3.3623871e+001
 -3.4060193e+001
 -3.4481097e+001
 -3.5036136e+001
 -3.5501751e+001
 -3.6061415e+001
 -3.6476152e+001
 -3.7139115e+001
 -3.7745032e+001
 -3.8078055e+001
 -3.8882860e+001
 -3.9393188e+001
 -3.9716960e+001
 -4.0418467e+001
 -4.0864039e+001
 -4.1505417e+001
 -4.2089749e+001
 -4.2564616e+001
 -4.3224495e+001
 -4.3683943e+001
 -4.4265192e+001
 -4.4997534e+001
 -4.5336724e+001
 -4.5970393e+001
 -4.6545475e+001
 -4.7038842e+001
 -5.6600922e+001
 -5.7049578e+001
 -5.7690956e+001
 -5.8121111e+001
 -5.8859620e+001
 -5.9511790e+001
 -5.9846355e+001
 -6.0524735e+001
 -6.1169197e+001
 -6.1617853e+001
 -6.2305484e+001
 -6.2862064e+001
 -6.3457189e+001
 -6.4013769e+001
 -6.4718359e+001
 -6.5322735e+001
 -6.5683510e+001
 -6.6377308e+001
 -6.7091149e+001
 -6.7587600e+001
 -6.8740847e+001
 -6.9335971e+001
 -6.9960389e+001
 -1.1409998e+001
 -1.1434666e+001
 -1.1712186e+001
 -1.1920325e+001
 -1.2156216e+001
 -1.2429110e+001
 -1.2641875e+001
 -1.3005734e+001
 -1.3509894e+001
 -1.3685656e+001
 -1.4388704e+001
 -1.4886697e+001
 -1.5079419e+001
 -1.5683794e+001
 -1.6083114e+001
 -1.6616567e+001
 -1.7171606e+001
 -1.7590968e+001
 -1.8310976e+001
 -1.8602372e+001
 -1.9148159e+001
 -1.9718616e+001
 -2.0000760e+001
 -2.0805566e+001
 -2.4058708e+001
 -2.3636262e+001
 -2.3418872e+001
 -2.2900836e+001
 -2.2496891e+001
 -2.1974230e+001
 -2.1656625e+001
 -2.1252680e+001
 -2.0571216e+001
 -2.0372328e+001
 -1.9875876e+001
 -1.9271501e+001
 -1.9044861e+001
 -1.8591579e+001
 -1.8125963e+001
 -1.7720477e+001
 -1.7368953e+001
 -1.6985051e+001
 -1.6402261e+001
 -1.6166369e+001
 -1.5800969e+001
 -1.5134923e+001
 -1.4934492e+001
 -1.4343993e+001
 -1.3813623e+001
 -1.3642486e+001
 -1.3051987e+001
 -1.2626457e+001
 -1.2205553e+001
 -1.1702935e+001
 -1.1334451e+001
 -1.0728534e+001
 -1.0418638e+001
 -1.0124159e+001
 -9.5043659e+000
 -9.4026089e+000
 -8.9369933e+000
 -8.6949348e+000
 -8.5962613e+000
 -8.3218256e+000
 -8.1876913e+000
 -7.8731695e+000
 -7.8485012e+000
 -7.6526959e+000
 -7.2518348e+000
 -7.3273817e+000
 -6.9357712e+000
 -6.5734545e+000
 -6.5117835e+000
 -6.0107071e+000
 -5.6576410e+000
 -5.4279167e+000
  5.4477537e+000
  5.9657896e+000
  6.5362458e+000
  7.5091049e+000
  7.9855130e+000
  8.5498021e+000
  9.2913951e+000
  9.5843321e+000
  1.0295090e+001
  1.0862462e+001
  1.1280283e+001
  1.1887742e+001
  1.2322522e+001
  1.2934606e+001
  1.3238335e+001
  1.3676199e+001
  1.4459420e+001
  1.4743106e+001
  1.5216431e+001
  1.5734467e+001
  1.6033571e+001
  1.6631779e+001
  1.6261753e+001
  1.6745870e+001
  1.7300909e+001
  1.7757274e+001
  1.8340064e+001
  1.8771761e+001
  1.9385386e+001
  2.0011346e+001
  2.0461544e+001
  2.1053585e+001
  2.1631750e+001
  2.2091199e+001
  2.2794248e+001
  2.3341577e+001
  2.3967537e+001
  2.4465530e+001
  2.5014402e+001
  2.5688157e+001
  2.6192317e+001
  2.6764315e+001
  2.7391816e+001
  2.7897518e+001
  2.8500352e+001
  2.9012220e+001
  2.9562633e+001
  3.0171634e+001
  3.0686586e+001
  3.1381926e+001
  3.1790496e+001
  3.2296198e+001
  3.2902115e+001
  3.3286017e+001
  3.3714630e+001
  3.4029151e+001
  3.4300504e+001
  3.4607316e+001
  3.4759952e+001
  3.4915671e+001
  3.5080641e+001
  3.5091433e+001
  3.5217859e+001
  3.5123811e+001
  3.5165438e+001
  3.5305740e+001
  3.5268737e+001
  3.5342742e+001
  3.5335034e+001
  3.5325783e+001
  3.5456834e+001
  3.5459917e+001
  3.5453750e+001
  3.5546257e+001
  3.5535464e+001
  3.5644930e+001
  3.5570925e+001
  3.5643388e+001
  3.5760563e+001
  3.5627971e+001
  3.5745145e+001
  3.5780606e+001
  3.5825318e+001
  3.6041166e+001
  3.6142923e+001
  3.6294017e+001
  3.6506781e+001
  3.6744215e+001
  3.7027901e+001
  3.7186704e+001
  3.6898392e+001
  3.7183620e+001
  3.7390218e+001
  3.7732491e+001
  3.8065514e+001
  3.8315282e+001
  3.8697642e+001
  3.8922741e+001
  3.9197176e+001
  3.9551784e+001
  3.9837012e+001
  4.0197787e+001
  4.0507684e+001
  4.0829914e+001
  4.1161396e+001
  4.1440457e+001
  4.1791981e+001
  4.2100336e+001
  4.2425650e+001
  4.2872764e+001
  4.3145658e+001
  4.3433970e+001
  4.3790120e+001
  4.4104641e+001
  4.4380619e+001
  4.4616510e+001
  4.4903280e+001
  4.5099085e+001
  4.5287182e+001
  4.5519989e+001
  4.5734296e+001
  4.5820635e+001
  4.6005648e+001
  4.6068861e+001
  4.6135157e+001
  4.6196828e+001
  4.6264666e+001
  4.6363340e+001
  4.6270833e+001
  4.6334046e+001
  4.6307836e+001
  4.6298585e+001
  4.6357172e+001
  4.6344838e+001
  4.6317086e+001
  4.6334046e+001
  4.6332504e+001
  4.6371048e+001
  4.6310919e+001
  4.6352547e+001
  4.6404967e+001
  4.6307836e+001
  4.6360256e+001
  4.6404967e+001
  4.6344838e+001
  4.6404967e+001
  4.6377216e+001
  4.6377216e+001
  4.6378757e+001
  4.6431178e+001
  4.6512892e+001
  4.6465097e+001
  4.6534476e+001
  4.6645484e+001
  4.6605398e+001
  4.6744158e+001
  4.6850540e+001
  4.6862874e+001
  4.7012426e+001
  4.7057138e+001
  4.7161978e+001
  4.7223649e+001
  4.7336199e+001
  4.7485751e+001
  4.7479584e+001
  4.7621427e+001
  4.7766353e+001
  4.7758645e+001
  4.7954450e+001
  4.8100918e+001
  4.8147172e+001
  4.8270513e+001
  4.8369187e+001
  4.8472486e+001
  4.8601995e+001
  4.8722253e+001
  4.8870263e+001
  4.8868722e+001
  4.8998231e+001
  4.9169367e+001
  4.9214079e+001
  4.9295793e+001
  4.9357464e+001
  4.9385216e+001
  4.9488515e+001
  4.9559436e+001
  4.9596439e+001
  4.9659651e+001
  5.2678444e+001
  4.9576396e+001
  4.2357812e+001
  4.1932282e+001
  4.1904531e+001
  3.9542534e+001
  3.9305100e+001
  3.9158632e+001
  3.8777814e+001
  3.8560424e+001
  3.8306031e+001
  3.7905170e+001
  3.7710907e+001
  3.7431846e+001
  3.7222164e+001
  3.6955438e+001
  3.6653250e+001
  3.6516032e+001
  3.6062751e+001
  3.6150632e+001
  3.6081252e+001
  3.5748229e+001
  3.5640305e+001
  3.5412122e+001
  3.5065223e+001
  3.4875585e+001
  3.4633527e+001
  3.4419220e+001
  3.4189496e+001
  3.3874974e+001
  3.3808678e+001
  3.3500323e+001
  3.3256723e+001
  3.3190427e+001
  3.2885155e+001
  3.2780315e+001
  3.2638472e+001
  3.2391788e+001
  3.2364036e+001
  3.2232985e+001
  3.2163605e+001
  3.2020220e+001
  3.1597775e+001
  3.1352633e+001
  3.1263210e+001
  3.1240083e+001
  3.1321797e+001
  3.1252417e+001
  3.1306379e+001
  3.1352633e+001
  3.1426638e+001
  3.1545354e+001
  3.1627068e+001
  3.1778162e+001
  3.1886086e+001
  3.2026388e+001
  3.2253028e+001
  3.2434958e+001
  3.2621512e+001
  3.2826568e+001
  3.2908282e+001
  3.3930478e+001
  3.4058445e+001
  3.4232665e+001
  3.4511726e+001
  3.4602691e+001
  3.4940340e+001
  3.5099142e+001
  3.5248694e+001
  3.5601760e+001
  3.5718935e+001
  3.6028832e+001
  3.6199968e+001
  3.6241596e+001
  3.6605455e+001
  3.6788926e+001
  3.7172828e+001
  3.7297711e+001
  3.7498142e+001
  3.7868167e+001
  3.7794162e+001
  3.8016178e+001
  3.8427831e+001
  3.8344575e+001
  3.8748520e+001
  3.8763938e+001
  3.8810191e+001
  3.9092336e+001
  3.9137047e+001
  3.9431526e+001
  3.9454652e+001
  3.9411483e+001
  3.9715212e+001
  3.9544075e+001
  3.9696711e+001
  3.9832387e+001
  3.9517865e+001
  3.9863222e+001
  3.9750673e+001
  3.9244971e+001
  3.8615928e+001
  3.8529588e+001
  3.8094808e+001
  3.7851208e+001
  3.7895919e+001
  3.7481182e+001
  3.7397927e+001
  3.7385592e+001
  3.6856764e+001
  3.6867556e+001
  3.6531450e+001
  3.6247763e+001
  3.6055042e+001
  3.5715852e+001
  3.5578634e+001
  3.5103768e+001
  3.4701365e+001
  3.4639694e+001
  3.4044569e+001
  3.3816387e+001
  3.3417067e+001
  3.2911366e+001
  3.2603011e+001
  3.2245319e+001
  3.1852167e+001
  3.1412762e+001
  3.0920936e+001
  3.0567870e+001
  2.9954244e+001
  2.9477836e+001
  3.2047972e+001
  2.5651154e+001
  2.5093032e+001
  2.4934229e+001
  2.4223472e+001
  2.3907408e+001
  2.3606762e+001
  2.2931466e+001
  2.2701741e+001
  2.2188331e+001
  2.1742758e+001
  2.1429778e+001
  2.1011957e+001
  2.0831570e+001
  2.0211777e+001
  1.9965093e+001
  1.9706075e+001
  1.9138703e+001
  1.8833431e+001
  1.8545120e+001
  1.7863656e+001
  1.7657058e+001
  1.7125146e+001
  1.6633321e+001
  1.6234001e+001
  1.5694381e+001
  1.5335147e+001
  1.4550385e+001
  1.4013847e+001
  1.3739412e+001
  1.2903771e+001
  1.2589249e+001
  1.1898534e+001
  1.1173901e+001
  1.0817751e+001
  1.0097743e+001
  9.5087852e+000
  9.0077088e+000
  8.3586222e+000
  7.9593028e+000
  7.0558235e+000
  7.0804919e+000
  6.6595877e+000
  5.8871592e+000
  5.4554626e+000
  4.8665051e+000
  4.1079525e+000
  3.6623800e+000
  3.0472124e+000
  2.4351283e+000
  1.8692974e+000
  1.2263778e+000
  7.2992674e-001
  1.1460281e-002
 -5.4820351e-001
 -1.0770318e+000
 -1.8124578e+000
 -2.3212431e+000
 -2.9209930e+000
 -3.5577454e+000
 -4.0079433e+000
 -4.6184856e+000
 -5.0964354e+000
 -1.1152522e+001
 -1.1522547e+001
 -1.1746105e+001
 -1.2415234e+001
 -1.2728214e+001
 -2.0864153e+001
 -2.1042999e+001
 -2.1571827e+001
 -2.1918726e+001
 -2.2207038e+001
 -2.2977925e+001
 -2.3374161e+001
 -2.3633179e+001
 -2.4405607e+001
 -2.4737088e+001
 -2.5188828e+001
 -2.5757742e+001
 -2.6130852e+001
 -2.6702850e+001
 -2.7228594e+001
 -2.7897724e+001
 -2.8458930e+001
 -2.8859791e+001
 -2.9817232e+001
 -3.0378438e+001
 -3.1009023e+001
 -3.1792244e+001
 -3.2325698e+001
 -3.3045706e+001
 -3.3640830e+001
 -3.4263707e+001
 -3.4960589e+001
 -3.5544921e+001
 -3.6231010e+001
 -3.6877013e+001
 -3.7342629e+001
 -3.8215273e+001
 -3.8653136e+001
 -3.9274471e+001
 -3.9963644e+001
 -4.0481680e+001
 -4.1124599e+001
 -4.1773686e+001
 -4.2314848e+001
 -4.3008646e+001
 -4.3546725e+001
 -4.4451746e+001
 -4.5002160e+001
 -4.5487818e+001
 -4.6386672e+001
 -4.6921668e+001
 -4.7529126e+001
 -4.8304639e+001
 -4.8804173e+001
 -4.9393131e+001
 -5.0182519e+001
 -5.0769934e+001
 -5.1417479e+001
 -5.1933973e+001
 -5.2721820e+001
 -5.3267607e+001
 -5.3628382e+001
 -5.4342224e+001
 -5.4903429e+001
 -5.5464635e+001
 -5.6065926e+001
 -5.6537709e+001
 -5.7100456e+001
 -5.7507485e+001
 -5.8111860e+001
 -5.8520430e+001
 -5.8956752e+001
 -5.9659801e+001
 -5.9969697e+001
 -6.0446105e+001
 -6.1101359e+001
 -6.1472926e+001
 -6.2014089e+001
 -6.2529041e+001
 -6.2834312e+001
 -6.3173502e+001
 -6.3531194e+001
 -6.3193545e+001
 -6.3301470e+001
 -6.3343097e+001
 -6.3614450e+001
 -6.3625242e+001
 -6.3623700e+001
 -6.3574364e+001
 -6.3460272e+001
 -6.3185837e+001
 -6.2801935e+001
 -6.2441160e+001
 -6.2066509e+001
 -6.1587017e+001
 -6.1252453e+001
 -6.0644994e+001
 -5.9969697e+001
 -5.9804727e+001
 -5.9366864e+001
 -5.9044633e+001
 -5.8767114e+001
 -5.8429465e+001
 -5.8181240e+001
 -5.7801963e+001
 -5.7541404e+001
 -5.7316305e+001
 -5.6850689e+001
 -5.6738140e+001
 -5.6215478e+001
 -5.5822326e+001
 -5.5780698e+001
 -5.5261121e+001
 -5.5026771e+001
 -5.4781629e+001
 -5.4322181e+001
 -5.4107874e+001
 -5.3637633e+001
 -5.3369365e+001
 -5.2931501e+001
 -5.2336376e+001
 -5.1903138e+001
 -5.1152294e+001
 -5.0421494e+001
 -5.0006756e+001
 -4.9166490e+001
 -4.8509694e+001
 -4.7786603e+001
 -4.7063511e+001
 -4.6397465e+001
 -4.5606535e+001
 -4.5065372e+001
 -4.4237440e+001
 -4.3344753e+001
 -4.3002479e+001
 -4.2046580e+001
 -4.1261817e+001
 -4.0839371e+001
 -1.3830582e+001
 -1.3149119e+001
 -1.3264752e+001
 -1.2996483e+001
 -1.2677336e+001
 -1.2557078e+001
 -1.2079128e+001
 -1.1883322e+001
 -1.1463960e+001
 -1.1232694e+001
 -1.1018388e+001
 -1.0523478e+001
 -1.0403220e+001
 -9.9453132e+000
 -9.4319026e+000
 -9.3501886e+000
 -8.7088108e+000
 -8.4945043e+000
 -8.2678636e+000
 -7.8007062e+000
 -7.5216452e+000
 -7.0853233e+000
 -6.7985534e+000
 -6.5117835e+000
 -6.0276666e+000
 -6.0477097e+000
 -5.5666763e+000
 -5.2583216e+000
 -5.2737394e+000
 -4.8189162e+000
 -4.7819136e+000
 -4.7233262e+000
 -4.3671765e+000
 -4.3286322e+000
 -4.0834902e+000
 -4.1574953e+000
 -4.0788649e+000
 -3.8984774e+000
 -4.2145410e+000
 -4.0171939e+000
 -3.9771078e+000
 -4.3024220e+000
 -4.1127839e+000
 -4.2515435e+000
 -4.2392093e+000
 -4.2885461e+000
 -4.4180551e+000
 -4.4242222e+000
 -4.6508629e+000
 -4.7079085e+000
 -4.6770730e+000
 -4.9653847e+000
 -4.8358757e+000
 -5.0224303e+000
 -5.2382786e+000
 -5.2583216e+000
 -5.3246179e+000
 -5.3754964e+000
 -5.5466333e+000
 -5.7162284e+000
 -5.6792258e+000
 -6.0137907e+000
 -6.6937128e+000
 -6.7923863e+000
 -6.9573561e+000
 -6.9650649e+000
 -7.1254094e+000
 -7.3443412e+000
 -7.3150475e+000
 -7.5201034e+000
 -7.6341946e+000
 -7.7529112e+000
 -7.8777949e+000
 -7.9132556e+000
 -8.0782254e+000
 -8.0843925e+000
 -8.1476052e+000
 -8.2416534e+000
 -8.1676483e+000
 -8.5068385e+000
 -8.6579323e+000
 -8.5685094e+000
 -8.5931778e+000
 -8.3973725e+000
 -8.4775448e+000
 -8.1707318e+000
 -7.9024632e+000
 -7.8253746e+000
 -7.2872956e+000
 -6.9866498e+000
 -6.8170547e+000
  2.3472472e+000
  2.8729919e+000
  3.5282457e+000
  4.1773323e+000
  4.6244467e+000
  5.4446702e+000
  5.8331971e+000
  6.4499065e+000
  7.1699148e+000
  7.5060214e+000
  8.3046601e+000
  8.9830404e+000
  9.4995346e+000
  1.0205667e+001
  1.0731412e+001
  1.1274116e+001
  1.1920119e+001
  1.2456656e+001
  1.3088783e+001
  1.3619153e+001
  1.4214278e+001
  1.4983623e+001
  1.5376775e+001
  1.6052072e+001
  1.6654906e+001
  1.7085060e+001
  1.7805069e+001
  1.8344689e+001
  1.8855016e+001
  1.9467100e+001
  2.0069934e+001
  2.0722104e+001
  2.1229348e+001
  2.1896935e+001
  2.2542939e+001
  2.3036306e+001
  2.3742438e+001
  2.4368398e+001
  2.4806262e+001
  2.5478475e+001
  2.6101352e+001
  2.6742730e+001
  2.7319353e+001
  2.7994650e+001
  2.8689990e+001
  2.9206484e+001
  2.9924950e+001
  3.0564786e+001
  3.1178412e+001
  3.1852167e+001
  3.2450375e+001
  3.3019290e+001
  3.3683794e+001
  3.4248083e+001
  3.4872501e+001
  3.5364327e+001
  3.5888530e+001
  3.6511407e+001
  3.6878349e+001
  3.7450347e+001
  3.7949881e+001
  3.8339950e+001
  3.8902697e+001
  3.9354437e+001
  3.9806177e+001
  4.0267167e+001
  4.0705031e+001
  4.1247735e+001
  4.1573049e+001
  4.2072584e+001
  4.2636873e+001
  4.2946769e+001
  4.3466347e+001
  4.3936588e+001
  4.4360576e+001
  4.4883237e+001
  4.5265597e+001
  4.5757423e+001
  4.6116656e+001
  4.6543727e+001
  4.6989300e+001
  4.7396328e+001
  4.7769437e+001
  4.8296724e+001
  4.8591202e+001
  4.9044484e+001
  4.9608773e+001
  4.9986507e+001
  5.0342657e+001
  5.0780521e+001
  5.1280055e+001
  5.1673208e+001
  5.2035524e+001
  5.2531975e+001
  5.2908168e+001
  5.3279736e+001
  5.3773103e+001
  5.4056789e+001
  5.4442233e+001
  5.4878555e+001
  5.5157616e+001
  5.4416023e+001
  5.4292681e+001
  5.4422190e+001
  5.4474610e+001
  5.4417564e+001
  5.4625704e+001
  5.4701251e+001
  5.4786048e+001
  5.4932517e+001
  5.4833843e+001
  5.4991104e+001
  5.5154532e+001
  5.5025023e+001
  5.4991104e+001
  5.4766005e+001
  5.4627246e+001
  5.4494653e+001
  5.4041372e+001
  5.4029038e+001
  5.3916488e+001
  5.3672888e+001
  5.3689847e+001
  5.3507918e+001
  5.3440080e+001
  5.0708057e+001
  5.0797480e+001
  5.1058040e+001
  5.1195258e+001
  5.3093181e+001
  5.1434233e+001
  5.1315516e+001
  5.1528281e+001
  5.1622329e+001
  5.1673208e+001
  5.1824301e+001
  5.1758005e+001
  5.1622329e+001
  5.1537532e+001
  5.1455818e+001
  5.1531364e+001
  5.1389521e+001
  5.1330934e+001
  5.1263096e+001
  5.1028746e+001
  5.0999453e+001
  5.0828316e+001
  5.1747213e+001
  4.8011495e+001
  4.8083959e+001
  4.8107085e+001
  4.7996078e+001
  4.8105544e+001
  4.8076250e+001
  4.8039247e+001
  4.8162589e+001
  4.8176465e+001
  4.8196508e+001
  4.8259721e+001
  4.8319850e+001
  4.8244303e+001
  4.8230427e+001
  4.8352227e+001
  4.8361478e+001
  4.8227344e+001
  4.8359936e+001
  4.8349144e+001
  4.8322934e+001
  4.8447817e+001
  4.8423149e+001
  4.8430858e+001
  4.8470944e+001
  4.8484820e+001
  4.8494071e+001
  4.8447817e+001
  4.8023830e+001
  4.8029997e+001
  4.7935949e+001
  4.8059290e+001
  4.8028455e+001
  4.8040789e+001
  4.8144088e+001
  4.8065458e+001
  4.8093209e+001
  4.8071625e+001
  4.8100918e+001
  4.8141004e+001
  4.7979118e+001
  4.8147172e+001
  4.8133296e+001
  4.8452443e+001
  4.8062374e+001
  4.8000703e+001
  4.7900488e+001
  4.7951366e+001
  4.7920531e+001
  4.7902030e+001
  4.7906655e+001
  4.7926698e+001
  4.7948283e+001
  4.7815690e+001
  4.7946741e+001
  4.7915906e+001
  4.7769437e+001
  4.7898946e+001
  4.7866569e+001
  4.7784855e+001
  4.7801814e+001
  4.7789480e+001
  4.7775604e+001
  4.7735518e+001
  4.7818774e+001
  4.7832650e+001
  4.7666138e+001
  4.7766353e+001
  4.7774062e+001
  4.7646095e+001
  4.7746310e+001
  4.7706224e+001
  4.7652262e+001
  4.7653804e+001
  4.7655346e+001
  4.7636845e+001
  4.7598300e+001
  4.7684639e+001
  4.7703141e+001
  4.7533546e+001
  4.7650720e+001
  4.7635303e+001
  4.7536629e+001
  4.7602926e+001
  4.7595217e+001
  4.7535087e+001
  4.7532004e+001
  4.7573632e+001
  4.7553589e+001
  4.7507336e+001
  4.7606009e+001
  4.7533546e+001
  4.7417913e+001
  4.7499627e+001
  4.7505794e+001
  4.7461082e+001
  4.7459541e+001
  4.7433330e+001
  4.7444123e+001
  4.7354700e+001
  4.7387077e+001
  4.7363951e+001
  4.7269902e+001
  4.7383994e+001
  4.7311530e+001
  4.7192814e+001
  4.7194356e+001
  4.7146561e+001
  4.7083348e+001
  5.1428066e+001
  4.7134226e+001
  4.6986216e+001
  4.7094140e+001
  4.6896793e+001
  4.6855165e+001
  4.2979147e+001
  4.2861972e+001
  4.2939061e+001
  4.2858888e+001
  4.2584453e+001
  4.2658458e+001
  4.2573660e+001
  4.2484237e+001
  4.2328518e+001
  4.2206718e+001
  4.2169716e+001
  4.2081835e+001
  4.1916865e+001
  4.1838234e+001
  4.1653221e+001
  4.1557632e+001
  4.1492877e+001
  4.1246193e+001
  4.1219983e+001
  4.1116684e+001
  4.1085849e+001
  4.0825289e+001
  4.0484557e+001
  4.0432137e+001
  4.0298003e+001
  4.0214747e+001
  4.0180828e+001
  4.0063653e+001
  4.0012774e+001
  3.9964979e+001
  3.9878640e+001
  3.9755298e+001
  3.9599579e+001
  3.9531741e+001
  3.9346728e+001
  3.9226470e+001
  3.9248055e+001
  3.9052250e+001
  3.8931991e+001
  3.8888822e+001
  3.8757771e+001
  3.8688391e+001
  3.8574300e+001
  3.8403163e+001
  3.8285988e+001
  3.8042388e+001
  3.7966841e+001
  3.7681613e+001
  3.7542853e+001
  3.7450347e+001
  3.7192871e+001
  3.7100364e+001
  3.6950812e+001
  3.6785842e+001
  3.6776592e+001
  3.6616247e+001
  3.6505240e+001
  3.6343353e+001
  3.6149090e+001
  3.6068918e+001
  3.5849986e+001
  3.5738978e+001
  3.5649555e+001
  3.5382829e+001
  3.5324241e+001
  3.5122269e+001
  3.5060598e+001
  3.5096059e+001
  3.4960383e+001
  3.4971175e+001
  3.4948048e+001
  3.4870960e+001
  3.4995843e+001
  3.4932631e+001
  3.4915671e+001
  3.5000469e+001
  3.4965008e+001
  3.5079099e+001
  3.5145395e+001
  3.5247152e+001
  3.5490753e+001
  3.5481502e+001
  3.5646472e+001
  3.5806816e+001
  3.5862320e+001
  3.6021123e+001
  3.6047333e+001
  3.6095128e+001
  3.6155257e+001
  3.6156799e+001
  3.6227720e+001
  3.6176842e+001
  3.6195343e+001
  3.6278599e+001
  3.6164508e+001
  3.6199968e+001
  3.6176842e+001
  3.6062751e+001
  3.6142923e+001
  3.6011872e+001
  3.5948659e+001
  3.5840735e+001
  3.5766730e+001
  3.5777523e+001
  3.5634138e+001
  3.5587884e+001
  3.5506170e+001
  3.5310365e+001
  3.5282613e+001
  3.5165438e+001
  3.4981967e+001
  3.4875585e+001
  3.4687489e+001
  3.4541020e+001
  3.4374509e+001
  3.4130908e+001
  3.4058445e+001
  3.3810220e+001
  3.3676085e+001
  3.8085558e+001
  2.5179371e+001
  2.5264169e+001
  2.5274961e+001
  2.5012860e+001
  2.5282670e+001
  2.5137743e+001
  2.5063738e+001
  2.5369009e+001
  2.5322756e+001
  2.5324298e+001
  2.5359759e+001
  2.5384427e+001
  2.5493893e+001
  2.5290379e+001
  2.5439931e+001
  2.5433764e+001
  2.5157786e+001
  1.5182512e+001
  1.5102340e+001
  1.5032960e+001
  1.4898825e+001
  1.4877241e+001
  1.4767775e+001
  1.4721521e+001
  1.4664476e+001
  1.4548843e+001
  1.4481005e+001
  1.4425501e+001
  1.4349954e+001
  1.4249739e+001
  1.4131022e+001
  1.4135648e+001
  1.3947551e+001
  1.3887422e+001
  1.3740954e+001
  1.3600652e+001
  1.3617612e+001
  1.6758204e+001
  1.6802916e+001
  1.6844544e+001
  1.6608652e+001
  1.6550065e+001
  1.6346551e+001
  1.6189290e+001
  1.6195457e+001
  1.5927188e+001
  1.5839307e+001
  1.5709798e+001
  1.5598791e+001
  1.5614208e+001
  1.5350565e+001
  1.5355190e+001
  1.5312021e+001
  1.5065337e+001
  1.5096172e+001
  1.4982081e+001
  1.4872615e+001
  1.4941995e+001
  1.4804777e+001
  1.4789360e+001
  1.4761608e+001
  1.4763149e+001
  1.4838696e+001
  1.4703020e+001
  1.4815570e+001
  1.4849489e+001
  1.4726147e+001
  1.4888033e+001
  1.4946620e+001
  1.4914243e+001
  1.4968205e+001
  1.4966663e+001
  1.4995957e+001
  1.5002124e+001
  1.5102340e+001
  1.5185595e+001
  1.5083838e+001
  1.5233390e+001
  1.5281185e+001
  1.5222598e+001
  1.5344398e+001
  1.5362899e+001
  1.5423028e+001
  1.5541745e+001
  1.5558705e+001
  1.5695922e+001
  1.5771469e+001
  1.5814639e+001
  1.5870143e+001
  1.5856267e+001
  1.5904062e+001
  1.5973442e+001
  1.5971900e+001
  1.6010444e+001
  1.6021237e+001
  1.6022778e+001
  1.6075199e+001
  1.6133786e+001
  1.6196999e+001
  1.6139953e+001
  1.6323424e+001
  1.6354260e+001
  1.6341925e+001
  1.6435974e+001
  1.6506895e+001
  1.6585526e+001
  1.6633321e+001
  1.6653364e+001
  1.6785956e+001
  1.6805999e+001
  1.6876921e+001
  1.7009513e+001
  1.6880004e+001
  1.7055767e+001
  1.7083519e+001
  1.7072726e+001
  1.7165233e+001
  1.7222278e+001
  1.7311701e+001
  1.7296283e+001
  1.7416542e+001
  1.7604638e+001
  1.7720271e+001
  1.7911451e+001
  1.8122674e+001
  1.8170469e+001
  1.8455697e+001
  1.8643793e+001
  1.8790262e+001
  1.9070865e+001
  1.9262045e+001
  1.9496394e+001
  1.9793956e+001
  1.9992845e+001
  2.0293491e+001
  2.0512423e+001
  2.0836195e+001
  2.1101380e+001
  2.1284851e+001
  2.1674920e+001
  2.1849141e+001
  2.2146703e+001
  2.2519812e+001
  2.2692491e+001
  2.2963843e+001
  2.3247529e+001
  2.3421750e+001
  2.3666892e+001
  2.3859613e+001
  2.4120173e+001
  2.4289768e+001
  2.4468614e+001
  2.4739966e+001
  2.5114617e+001
  2.5182455e+001
  2.5513936e+001
  2.5820749e+001
  2.5668114e+001
  2.4878725e+001
  2.4723006e+001
  2.4169510e+001
  2.3938244e+001
  2.3839570e+001
  2.3558967e+001
  2.3565134e+001
  2.3221319e+001
  2.3124187e+001
  2.3179691e+001
  2.2761870e+001
  2.2749536e+001
  2.2720243e+001
  2.2399554e+001
  2.2376427e+001
  2.2192956e+001
  2.2100450e+001
  2.1997151e+001
  2.1798262e+001
  2.1807513e+001
  2.1587039e+001
  2.2330174e+001
  2.2601526e+001
  2.2535230e+001
  2.2566065e+001
  2.2482809e+001
  2.2322465e+001
  2.2357926e+001
  2.2291630e+001
  2.2239209e+001
  2.2234584e+001
  2.2142077e+001
  2.2331716e+001
  2.1995609e+001
  2.2027986e+001
  2.1998693e+001
  2.1887685e+001
  2.1966315e+001
  2.1966315e+001
  2.1910811e+001
  2.2040320e+001
  2.2023361e+001
  2.2078865e+001
  2.2003318e+001
  2.2011027e+001
  2.2018736e+001
  2.1122965e+001
  2.1104464e+001
  2.1112173e+001
  2.1126049e+001
  2.1261725e+001
  2.1343439e+001
  2.1363482e+001
  2.1514576e+001
  2.2214541e+001
  2.2316298e+001
  2.2317840e+001
  2.2411888e+001
  2.2490518e+001
  2.2458141e+001
  2.2604610e+001
  2.2606151e+001
  2.2562982e+001
  2.2650863e+001
  2.2675531e+001
  2.2698658e+001
  2.2774205e+001
  2.2701741e+001
  2.2731035e+001
  2.2684782e+001
  2.2673989e+001
  2.2734119e+001
  2.2587650e+001
  2.2706367e+001
  2.2618486e+001
  2.2566065e+001
  2.2694032e+001
  2.2626194e+001
  2.2646237e+001
  2.2636987e+001
  2.2541397e+001
  2.2683240e+001
  2.2603068e+001
  2.2644696e+001
  2.2690949e+001
  2.2524437e+001
  2.2579941e+001
  2.2493602e+001
  2.2401095e+001
  2.2472017e+001
  2.2356384e+001
  2.2340966e+001
  2.2152870e+001
  2.1972482e+001
  2.1946272e+001
  2.1651794e+001
  2.1471406e+001
  2.1303353e+001
  2.0885532e+001
  2.0708228e+001
  2.0469253e+001
  2.0128521e+001
  1.9963551e+001
  1.9699908e+001
  1.9411597e+001
  1.9016903e+001
  1.8585206e+001
  1.8343148e+001
  1.7814319e+001
  1.7391873e+001
  1.6998721e+001
  1.6446766e+001
  1.6056697e+001
  1.5530953e+001
  1.4923494e+001
  1.4402374e+001
  1.3808792e+001
  1.3224459e+001
  1.2526036e+001
  1.1898534e+001
  1.1372789e+001
  1.0621946e+001
  1.0076158e+001
  9.4255294e+000
  8.6839364e+000
  8.1227308e+000
  7.4906037e+000
  6.8476841e+000
  6.1970557e+000
  5.5233006e+000
  4.9112166e+000
  4.1819577e+000
  3.5328710e+000
  3.0102098e+000
  2.2624496e+000
  1.6549909e+000
  1.0351979e+000
  3.2752385e-001
 -2.4293235e-001
 -9.3673044e-001
 -1.5827335e+000
 -2.2518633e+000
 -2.8809069e+000
 -3.3850668e+000
 -4.0927408e+000
 -4.6200274e+000
 -4.7911643e+000
 -9.2129707e+000
 -9.7695510e+000
 -9.7310066e+000
 -1.0162703e+001
 -1.0585149e+001
 -1.0743952e+001
 -1.1070808e+001
 -1.1320575e+001
 -1.1903366e+001
 -1.2261057e+001
 -1.2328895e+001
 -1.3076655e+001
 -1.5874974e+001
 -1.6066154e+001
 -1.6312838e+001
 -1.6520977e+001
 -1.6895628e+001
 -1.7373578e+001
 -1.7728186e+001
 -1.7999538e+001
 -1.8435860e+001
 -1.8849055e+001
 -1.9328547e+001
 -1.9777203e+001
 -2.0215067e+001
 -2.0677599e+001
 -2.1042999e+001
 -2.1450027e+001
 -2.1890974e+001
 -2.2697322e+001
 -2.3659389e+001
 -2.3870612e+001
 -2.4289974e+001
 -2.4868139e+001
 -2.5253583e+001
 -2.5702239e+001
 -2.6137019e+001
 -2.6718267e+001
 -2.7072875e+001
 -2.7439817e+001
 -2.8145950e+001
 -2.8488223e+001
 -2.8765743e+001
 -2.9417913e+001
 -2.9673847e+001
 -3.0141005e+001
 -3.1172451e+001
 -3.1733657e+001
 -3.2003467e+001
 -3.2748144e+001
 -3.3079625e+001
 -3.3443483e+001
 -3.4128031e+001
 -3.4484181e+001
 -3.4954422e+001
 -3.5609675e+001
 -3.5982784e+001
 -3.6611828e+001
 -5.4778546e+001
 -5.5120819e+001
 -5.5449217e+001
 -5.6224729e+001
 -5.6550043e+001
 -5.7154419e+001
 -5.7658578e+001
 -5.8105693e+001
 -5.8742445e+001
 -5.9260481e+001
 -5.9884899e+001
 -6.0372100e+001
 -6.0785295e+001
 -6.1613228e+001
 -6.2021798e+001
 -6.2529041e+001
 -6.2737180e+001
 -6.2934527e+001
 -6.3686913e+001
 -6.4194156e+001
 -6.4624311e+001
 -6.5262606e+001
 -6.5811477e+001
 -6.6335680e+001
 -6.6946222e+001
 -6.7384086e+001
 -6.8077884e+001
 -6.8591295e+001
 -6.9191044e+001
 -6.9833964e+001
 -7.0345833e+001
 -7.0947125e+001
 -7.1577710e+001
 -7.2115789e+001
 -7.2246840e+001
 -1.3578178e+002
 -1.3613331e+002
 -1.3725572e+002
 -1.3792639e+002
 -1.3850302e+002
 -1.3882987e+002
 -1.3933711e+002
 -1.3965780e+002
 -1.4041327e+002
 -1.4081722e+002
 -1.4129671e+002
 -1.4195813e+002
 -1.4223257e+002
 -1.4280611e+002
 -1.4357853e+002
 -1.4405186e+002
 -1.4462386e+002
 -1.4508639e+002
 -1.4562293e+002
 -1.4628435e+002
 -1.4662662e+002
 -1.4736667e+002
 -1.4778141e+002
 -1.4804351e+002
 -1.4882827e+002
 -1.4905029e+002
 -1.4944190e+002
 -1.5002161e+002
 -1.5014649e+002
 -1.5066144e+002
 -1.5098676e+002
 -1.5119335e+002
 -1.5149246e+002
 -1.5156030e+002
 -1.5199045e+002
 -1.5212150e+002
 -1.5215542e+002
 -1.5268579e+002
 -1.5268425e+002
 -1.5302035e+002
 -1.5337496e+002
 -1.5339963e+002
 -1.5367098e+002
 -1.5371569e+002
 -1.5397163e+002
 -1.5422448e+002
 -1.5423681e+002
 -1.5465772e+002
 -1.5475639e+002
 -1.5470089e+002
 -1.5367715e+002
 -1.5366790e+002
 -1.5375424e+002
 -1.5395775e+002
 -1.5395467e+002
 -1.5409805e+002
 -1.5424144e+002
 -1.5440487e+002
 -1.5459296e+002
 -1.5462534e+002
 -1.5482423e+002
 -1.5486432e+002
 -1.5486586e+002
 -1.5512796e+002
 -1.5508171e+002
 -1.5512796e+002
 -1.5572771e+002
 -1.5576625e+002
 -1.5581405e+002
 -1.5582176e+002
 -1.5591581e+002
 -1.5593739e+002
 -1.5581251e+002
 -1.5597593e+002
 -1.5594664e+002
 -1.5586955e+002
 -1.5597748e+002
 -1.5588034e+002
 -1.5582330e+002
 -1.5163893e+002
 -1.5512950e+002
 -1.5696575e+002
 -1.6068914e+002
 -1.6089419e+002
 -1.6072306e+002
 -1.6069376e+002
 -1.6058430e+002
 -1.6040082e+002
 -1.6035611e+002
 -1.6018189e+002
 -1.6007859e+002
 -1.5999842e+002
 -1.5986429e+002
 -1.5959139e+002
 -1.5576625e+002
 -1.5876963e+002
 -1.5917974e+002
 -1.5943722e+002
 -1.5931233e+002
 -1.5969007e+002
 -1.5990592e+002
 -1.6004930e+002
 -1.6022044e+002
 -1.6023740e+002
 -1.6065984e+002
 -1.6077239e+002
 -1.6077085e+002
 -1.6125805e+002
 -1.6114242e+002
 -1.6141531e+002
 -1.6175296e+002
 -1.6160803e+002
 -1.6188709e+002
 -1.6199039e+002
 -1.6222166e+002
 -1.6230337e+002
 -1.6227100e+002
 -1.6269036e+002
 -1.6269344e+002
 -1.6266877e+002
 -1.6303263e+002
 -1.6289541e+002
 -1.6310972e+002
 -1.6320839e+002
 -1.6305268e+002
 -1.6327623e+002
 -1.6334407e+002
 -1.6352754e+002
 -1.6179150e+002
 -1.6131201e+002
 -1.6076314e+002
 -1.6021735e+002
 -1.5977332e+002
 -1.5918437e+002
 -1.5871875e+002
 -1.5812208e+002
 -1.5759634e+002
 -1.5726177e+002
 -1.5659727e+002
 -1.5595435e+002
 -1.5566758e+002
 -1.5503237e+002
 -1.5465155e+002
 -1.5423990e+002
 -1.5359852e+002
 -1.5326241e+002
 -1.5268271e+002
 -1.5234506e+002
 -1.5182702e+002
 -1.5126736e+002
 -1.5101451e+002
 -1.5039317e+002
 -1.4996302e+002
 -1.4979342e+002
 -1.4927384e+002
 -1.4903024e+002
 -1.4862013e+002
 -1.4821773e+002
 -1.4796950e+002
 -1.4750081e+002
 -1.4722945e+002
 -1.4677309e+002
 -1.4629360e+002
 -1.4614096e+002
 -1.4560442e+002
 -1.4526523e+002
 -1.4504013e+002
 -1.4455910e+002
 -1.4432938e+002
 -1.4400869e+002
 -1.4372809e+002
 -1.4356312e+002
 -1.4327789e+002
 -1.4323163e+002
 -1.4279531e+002
 -1.4253784e+002
 -1.4258563e+002
 -1.4223411e+002
 -1.4205680e+002
 -1.4199976e+002
 -1.4170528e+002
 -1.4150331e+002
 -1.4133988e+002
 -1.4125662e+002
 -1.4106544e+002
 -1.4087580e+002
 -1.4079255e+002
 -1.4047957e+002
 -1.4029918e+002
 -1.4030535e+002
 -1.3998928e+002
 -1.3982586e+002
 -1.4137380e+002
 -1.4121037e+002
 -1.4112095e+002
 -1.4099298e+002
 -1.4095135e+002
 -1.4076480e+002
 -1.4061370e+002
 -1.4067229e+002
 -1.4037627e+002
 -1.4032231e+002
 -1.4047032e+002
 -1.3742069e+002
 -1.3697666e+002
 -1.3690265e+002
 -1.3685178e+002
 -1.3719405e+002
 -1.3699979e+002
 -1.3733898e+002
 -1.3766429e+002
 -1.3762112e+002
 -1.3794181e+002
 -1.3809445e+002
 -1.3818695e+002
 -1.3854310e+002
 -1.3854156e+002
 -1.3905497e+002
 -1.3903339e+002
 -1.3923690e+002
 -1.3981969e+002
 -1.3977035e+002
 -1.4008950e+002
 -1.4057362e+002
 -1.4054432e+002
 -1.4098065e+002
 -1.4105157e+002
 -1.4160198e+002
 -1.4185329e+002
 -1.4204447e+002
 -1.4254555e+002
 -1.4248542e+002
 -1.4276139e+002
 -1.4345211e+002
 -1.4343515e+002
 -1.4393777e+002
 -1.4433246e+002
 -1.4430933e+002
 -1.4466703e+002
 -1.4469786e+002
 -1.4507714e+002
 -1.4531457e+002
 -1.4501392e+002
 -1.5030529e+002
 -1.5057664e+002
 -1.5080791e+002
 -1.5109622e+002
 -1.5139533e+002
 -1.5175764e+002
 -1.5206137e+002
 -1.5241752e+002
 -1.5274129e+002
 -1.5300340e+002
 -1.5337650e+002
 -1.5363706e+002
 -1.5386216e+002
 -1.5419827e+002
 -1.5447271e+002
 -1.5470243e+002
 -1.5497378e+002
 -1.5524513e+002
 -1.5558278e+002
 -1.5585105e+002
 -1.5224330e+002
 -1.5563212e+002
 -1.5584643e+002
 -1.5607769e+002
 -1.5601602e+002
 -1.5628891e+002
 -1.5635675e+002
 -1.5650322e+002
 -1.5657723e+002
 -1.5663736e+002
 -1.5684241e+002
 -1.5680387e+002
 -1.5689175e+002
 -1.5696575e+002
 -1.5678999e+002
 -1.5681003e+002
 -1.5696113e+002
 -1.5671599e+002
 -1.5687325e+002
 -1.5677457e+002
 -1.5670982e+002
 -1.5672524e+002
 -1.5662656e+002
 -1.5670828e+002
 -1.5650939e+002
 -1.5642613e+002
 -1.5646930e+002
 -1.5614245e+002
 -1.5623495e+002
 -1.5624574e+002
 -1.5603606e+002
 -1.5600369e+002
 -1.5578321e+002
 -1.5578630e+002
 -1.5572000e+002
 -1.5548873e+002
 -1.5567375e+002
 -1.5543786e+002
 -1.5536848e+002
 -1.5541319e+002
 -1.5505395e+002
 -1.5513413e+002
 -1.5519117e+002
 -1.5492290e+002
 -1.5489978e+002
 -1.5467622e+002
 -1.5464693e+002
 -1.5456984e+002
 -1.5425377e+002
 -1.5449737e+002
 -1.5417206e+002
 -1.5410885e+002
 -1.5412426e+002
 -1.5385754e+002
 -1.5387604e+002
 -1.5384829e+002
 -1.5361702e+002
 -1.5356614e+002
 -1.5332408e+002
 -1.5340888e+002
 -1.5325316e+002
 -1.5297873e+002
 -1.5312828e+002
 -1.5284613e+002
 -1.5283226e+002
 -1.5285384e+002
 -1.5252853e+002
 -1.5253932e+002
 -1.5257170e+002
 -1.5234968e+002
 -1.5228493e+002
 -1.5208450e+002
 -1.5224793e+002
 -1.5209529e+002
 -1.5188407e+002
 -1.5209375e+002
 -1.5514338e+002
 -1.5513104e+002
 -1.5522663e+002
 -1.5508787e+002
 -1.5511408e+002
 -1.5508941e+002
 -1.5503545e+002
 -1.5509712e+002
 -1.5588497e+002
 -1.5584951e+002
 -1.5592197e+002
 -1.5586955e+002
 -1.5583717e+002
 -1.5584334e+002
 -1.5587726e+002
 -1.5587264e+002
 -1.5581867e+002
 -1.5588960e+002
 -1.5589576e+002
 -1.5585722e+002
 -1.5591889e+002
 -1.5587264e+002
 -1.5582330e+002
 -1.5586030e+002
 -1.5575546e+002
 -1.5574929e+002
 -1.5565833e+002
 -1.5563520e+002
 -1.5560437e+002
 -1.5145854e+002
 -1.5351681e+002
 -1.5335029e+002
 -1.5355535e+002
 -1.5271817e+002
 -1.5252545e+002
 -1.5279526e+002
 -1.5271508e+002
 -1.5263491e+002
 -1.5287697e+002
 -1.5266729e+002
 -1.5280296e+002
 -1.5298181e+002
 -1.5279371e+002
 -1.5287697e+002
 -1.5296177e+002
 -1.5291243e+002
 -1.5268733e+002
 -1.4895470e+002
 -1.5336571e+002
 -1.5331483e+002
 -1.5331329e+002
 -1.5312674e+002
 -1.5310669e+002
 -1.5303115e+002
 -1.5293710e+002
 -1.5296793e+002
 -1.5283380e+002
 -1.5273358e+002
 -1.5267808e+002
 -1.5249153e+002
 -1.5236818e+002
 -1.5221092e+002
 -1.5205675e+002
 -1.5186865e+002
 -1.5161888e+002
 -1.5157263e+002
 -1.5136141e+002
 -1.5120415e+002
 -1.5110085e+002
 -1.5080791e+002
 -1.5062752e+002
 -1.4996148e+002
 -1.4970246e+002
 -1.4946657e+002
 -1.4922451e+002
 -1.4896857e+002
 -1.4862784e+002
 -1.4827786e+002
 -1.4811289e+002
 -1.4740830e+002
 -1.4691802e+002
 -1.4662816e+002
 -1.4621342e+002
 -1.4574473e+002
 -1.4544870e+002
 -1.4493838e+002
 -1.4450360e+002
 -2.0578925e+001
 -2.0455583e+001
 -2.0284446e+001
 -1.9922130e+001
 -1.9649236e+001
 -1.9656945e+001
 -1.9306962e+001
 -1.9297711e+001
 -1.9371716e+001
 -2.1525574e+001
 -2.1426901e+001
 -2.1308184e+001
 -2.1203343e+001
 -2.1106212e+001
 -2.1001371e+001
 -2.0908865e+001
 -2.0742353e+001
 -2.0623637e+001
 -2.0615928e+001
 -2.0437082e+001
 -2.0461750e+001
 -2.0478710e+001
 -2.0393912e+001
 -2.0483335e+001
 -2.0484877e+001
 -2.0444791e+001
 -2.0467917e+001
 -2.0447874e+001
 -2.0475626e+001
 -2.0363077e+001
 -2.0421664e+001
 -2.0435540e+001
 -2.0336867e+001
 -2.1551784e+001
 -2.1448485e+001
 -2.1186384e+001
 -2.0933533e+001
 -2.0583550e+001
 -2.0139520e+001
 -1.9405636e+001
 -1.8901476e+001
 -1.8398857e+001
 -1.7848444e+001
 -1.7257945e+001
 -1.6807747e+001
 -1.5364647e+001
 -1.5269057e+001
 -1.4934492e+001
 -1.4734062e+001
 -1.4525922e+001
 -1.4512046e+001
 -1.4777231e+001
 -1.4684725e+001
 -1.5054751e+001
 -1.5535784e+001
 -1.1747168e+002
 -1.1781241e+002
 -1.1806681e+002
 -1.1857713e+002
 -1.1862801e+002
 -1.1892557e+002
 -1.1933723e+002
 -1.1936344e+002
 -1.1978126e+002
 -1.2015591e+002
 -1.2040722e+002
 -1.2074487e+002
 -1.2090675e+002
 -1.2130607e+002
 -1.2139858e+002
 -1.2158359e+002
 -1.2203842e+002
 -1.2208467e+002
 -1.2248553e+002
 -1.2288639e+002
 -1.2298506e+002
 -1.2333813e+002
 -1.2359869e+002
 -2.5413757e+002
 -1.3533930e+002
 -1.3580337e+002
 -1.3632141e+002
 -1.3677931e+002
 -1.3713392e+002
 -1.3757949e+002
 -1.3794027e+002
 -1.3828100e+002
 -1.3864177e+002
 -1.3898713e+002
 -1.3942345e+002
 -1.3975648e+002
 -1.4015271e+002
 -1.4059366e+002
 -1.4093439e+002
 -1.4142622e+002
 -1.4180395e+002
 -1.4214777e+002
 -1.4261801e+002
 -1.4302966e+002
 -1.4336731e+002
 -1.4373271e+002
 -1.4406419e+002
 -1.4441417e+002
 -1.4477495e+002
 -1.4054587e+002
 -1.4523440e+002
 -1.4564451e+002
 -1.4573239e+002
 -1.4612709e+002
 -1.4625968e+002
 -1.4657574e+002
 -1.4699048e+002
 -1.4718937e+002
 -1.4744530e+002
 -1.4772590e+002
 -1.4795717e+002
 -1.4827015e+002
 -1.4845054e+002
 -1.4873577e+002
 -1.4909192e+002
 -1.4920292e+002
 -1.4947119e+002
 -1.4955907e+002
 -1.4980576e+002
 -1.5021587e+002
 -1.5030683e+002
 -1.5049955e+002
 -1.5078170e+002
 -1.5089887e+002
 -1.5111164e+002
 -1.5134753e+002
 -1.5154950e+002
 -1.5172835e+002
 -1.5190719e+002
 -1.5226643e+002
 -1.4921988e+002
 -1.5563212e+002
 -1.5591581e+002
 -1.5602219e+002
 -1.5619332e+002
 -1.5637217e+002
 -1.5648626e+002
 -1.5666665e+002
 -1.5683779e+002
 -1.5691796e+002
 -1.5718777e+002
 -1.5735891e+002
 -1.5750383e+002
 -1.5300185e+002
 -1.5790778e+002
 -1.5807583e+002
 -1.5817605e+002
 -1.5840269e+002
 -1.5839189e+002
 -1.5854453e+002
 -1.5870025e+002
 -1.5809741e+002
 -1.5822230e+002
 -1.5831172e+002
 -1.5839652e+002
 -1.5844123e+002
 -1.5845819e+002
 -1.5862008e+002
 -1.5855378e+002
 -1.5859232e+002
 -1.5876500e+002
 -1.5875729e+002
 -1.5888989e+002
 -1.5901014e+002
 -1.5903481e+002
 -1.5611469e+002
 -1.6062592e+002
 -1.6066755e+002
 -1.6047945e+002
 -1.6063209e+002
 -1.6065676e+002
 -1.6063209e+002
 -1.6069530e+002
 -1.6066601e+002
 -1.6073231e+002
 -1.6069068e+002
 -1.6063672e+002
 -1.6076160e+002
 -1.6059355e+002
 -1.6069530e+002
 -1.6078010e+002
 -1.6071226e+002
 -1.6090344e+002
 -1.6091578e+002
 -1.6092503e+002
 -1.6103758e+002
 -1.6107920e+002
 -1.6119330e+002
 -1.6106070e+002
 -1.6125034e+002
 -1.6283374e+002
 -1.6252693e+002
 -1.6214303e+002
 -1.6211990e+002
 -1.6179459e+002
 -1.6157103e+002
 -1.6143998e+002
 -1.6103912e+002
 -1.6106379e+002
 -1.6069376e+002
 -1.6038849e+002
 -1.6024665e+002
 -1.5973324e+002
 -1.5962531e+002
 -1.5939405e+002
 -1.5888372e+002
 -1.5879738e+002
 -1.5850290e+002
 -1.5818067e+002
 -1.5802341e+002
 -1.5764876e+002
 -1.5766726e+002
 -1.5731574e+002
 -1.5707676e+002
 -1.5707059e+002
 -1.5676841e+002
 -1.5685166e+002
 -1.5675916e+002
 -1.5751000e+002
 -1.5712147e+002
 -1.5737741e+002
 -1.5722169e+002
 -1.5733732e+002
 -1.5727257e+002
 -1.5707984e+002
 -1.5725869e+002
 -1.5700892e+002
 -1.5711376e+002
 -1.5728490e+002
 -1.5710297e+002
 -1.5728490e+002
 -1.5724636e+002
 -1.5718468e+002
 -1.5737124e+002
 -1.5735428e+002
 -1.5749612e+002
 -1.5745450e+002
 -1.5734503e+002
 -1.5750383e+002
 -1.5731728e+002
 -1.5725715e+002
 -1.5728953e+002
 -1.5709680e+002
 -1.5719239e+002
 -1.5726177e+002
 -1.5731419e+002
 -1.5734195e+002
 -1.5721860e+002
 -1.5749612e+002
 -1.5742674e+002
 -1.5739128e+002
 -1.5766726e+002
 -1.5746683e+002
 -1.5774743e+002
 -1.5779985e+002
 -1.5761638e+002
 -1.5774589e+002
 -1.5764722e+002
 -1.5765338e+002
 -1.5766726e+002
 -1.5748687e+002
 -1.5769039e+002
 -1.5741749e+002
 -1.5731265e+002
 -1.5742983e+002
 -1.5711068e+002
 -1.5711993e+002
 -1.5713997e+002
 -1.5682545e+002
 -1.5684395e+002
 -1.5664198e+002
 -1.5666202e+002
 -1.5643692e+002
 -1.5609465e+002
 -1.5620566e+002
 -1.5577705e+002
 -1.5554732e+002
 -1.5557199e+002
 -1.5506629e+002
 -1.5495528e+002
 -1.5477335e+002
 -1.5422140e+002
 -1.5473635e+002
 -1.5440949e+002
 -1.5409497e+002
 -1.5381437e+002
 -1.5335338e+002
 -1.5307894e+002
 -1.5275363e+002
 -1.5249924e+002
 -1.5227568e+002
 -1.5190257e+002
 -1.5175302e+002
 -1.5154179e+002
 -1.5122881e+002
 -1.5107926e+002
 -1.5087729e+002
 -1.5066452e+002
 -1.5044868e+002
 -1.5025904e+002
 -1.5016345e+002
 -1.4991985e+002
 -1.4981809e+002
 -1.4972404e+002
 -1.4950203e+002
 -1.4944344e+002
 -1.4935556e+002
 -1.4914279e+002
 -1.4917209e+002
 -1.4892695e+002
 -1.4903024e+002
 -1.4882365e+002
 -1.4869722e+002
 -1.4880977e+002
 -1.4852608e+002
 -1.4862630e+002
 -1.4874193e+002
 -1.4851683e+002
 -1.4854613e+002
 -1.4846441e+002
 -1.4847521e+002
 -1.4840583e+002
 -1.4827786e+002
 -1.4835032e+002
 -1.4803580e+002
 -1.4792788e+002
 -1.4801576e+002
 -1.4769661e+002
 -1.4773978e+002
 -1.4755014e+002
 -1.4733429e+002
 -1.4731888e+002
 -1.4712153e+002
 -1.4708607e+002
 -1.4679776e+002
 -1.4646473e+002
 -1.4650790e+002
 -1.4603150e+002
 -1.4596057e+002
 -1.4577248e+002
 -1.4531303e+002
 -1.4519277e+002
 -1.4497230e+002
 -1.4468553e+002
 -1.4459302e+002
 -1.4444193e+002
 -1.5412118e+002
 -1.3938183e+002
 -1.3192889e+002
 -1.3216787e+002
 -1.3235596e+002
 -1.3260111e+002
 -1.3284471e+002
 -1.3306826e+002
 -1.3337353e+002
 -1.3365260e+002
 -1.3386690e+002
 -1.3421226e+002
 -1.3436181e+002
 -1.3456070e+002
 -1.3483359e+002
 -1.3498623e+002
 -1.3517895e+002
 -1.3533159e+002
 -1.3550889e+002
 -1.3564765e+002
 -1.3567694e+002
 -1.3587737e+002
 -1.3594984e+002
 -1.3596063e+002
 -1.3616877e+002
 -1.3620115e+002
 -1.3621811e+002
 -1.3634762e+002
 -1.3637999e+002
 -1.3648021e+002
 -1.3656038e+002
 -1.3665597e+002
 -1.3677315e+002
 -1.3680244e+002
 -1.3703833e+002
 -1.3712159e+002
 -1.3717401e+002
 -1.3741761e+002
 -1.3751474e+002
 -1.3760108e+002
 -1.3784159e+002
 -1.3794798e+002
 -1.3810524e+002
 -1.3826404e+002
 -1.3847372e+002
 -1.3862790e+002
 -1.3868957e+002
 -1.3891621e+002
 -1.3912589e+002
 -1.3925848e+002
 -1.3945583e+002
 -1.3964547e+002
 -1.3981198e+002
 -1.3999545e+002
 -1.4024830e+002
 -1.4045798e+002
 -1.4066458e+002
 -1.4092977e+002
 -1.4119033e+002
 -1.4137380e+002
 -1.4167290e+002
 -1.4196738e+002
 -1.4212772e+002
 -1.4237441e+002
 -1.4255788e+002
 -1.4274752e+002
 -1.4290015e+002
 -1.4307592e+002
 -1.4320542e+002
 -1.4330256e+002
 -1.4347369e+002
 -1.4365408e+002
 -1.4369417e+002
 -1.4388072e+002
 -1.4402565e+002
 -1.4405186e+002
 -1.4418753e+002
 -1.4432938e+002
 -1.4443730e+002
 -1.4451131e+002
 -1.4461306e+002
 -1.4471020e+002
 -1.4472253e+002
 -1.4485666e+002
 -1.4424150e+002
 -1.4441263e+002
 -1.4459919e+002
 -1.4469478e+002
 -1.4487208e+002
 -1.4506480e+002
 -1.4525290e+002
 -1.4547492e+002
 -1.4564451e+002
 -1.4598370e+002
 -1.4619647e+002
 -1.4643698e+002
 -1.4683476e+002
 -1.4705215e+002
 -1.4738055e+002
 -1.4781687e+002
 -1.4810364e+002
 -1.4856617e+002
 -1.4895316e+002
 -1.4933397e+002
 -1.4982888e+002
 -1.5016499e+002
 -1.5067223e+002
 -1.5108697e+002
 -1.5145237e+002
 -1.5192415e+002
 -1.5224484e+002
 -1.5264416e+002
 -1.5303115e+002
 -1.5326550e+002
 -1.5366327e+002
 -1.5395775e+002
 -1.5430003e+002
 -1.5463459e+002
 -1.5481035e+002
 -1.5520813e+002
 -1.5543631e+002
 -1.5562904e+002
 -1.5594202e+002
 -1.5611932e+002
 -1.5632900e+002
 -1.5650322e+002
 -1.5659881e+002
 -1.5687170e+002
 -1.5695188e+002
 -1.5709218e+002
 -1.5722631e+002
 -1.5725561e+002
 -1.5738820e+002
 -1.5741133e+002
 -1.5743291e+002
 -1.5746683e+002
 -1.5738666e+002
 -1.5737432e+002
 -1.5733886e+002
 -1.5725098e+002
 -1.5719085e+002
 -1.5707984e+002
 -1.5708755e+002
 -1.5681774e+002
 -1.5681003e+002
 -1.5686708e+002
 -1.5655102e+002
 -1.5664198e+002
 -1.5665123e+002
 -1.5629046e+002
 -1.5632438e+002
 -1.5628121e+002
 -1.5633671e+002
 -1.5615170e+002
 -1.5605456e+002
 -1.5624112e+002
 -1.5606690e+002
 -1.5613628e+002
 -1.5625345e+002
 -1.5600831e+002
 -1.5617174e+002
 -1.5617945e+002
 -1.5609928e+002
 -1.5626270e+002
 -1.5597131e+002
 -1.5620566e+002
 -1.5598673e+002
 -1.5618562e+002
 -1.5619487e+002
 -1.5693183e+002
 -1.5687479e+002
 -1.5691179e+002
 -1.5718468e+002
 -1.5692104e+002
 -1.5705826e+002
 -1.5622570e+002
 -1.5609619e+002
 -1.5620103e+002
 -1.5666973e+002
 -1.5661577e+002
 -1.5698117e+002
 -1.5716464e+002
 -1.5707214e+002
 -1.5734349e+002
 -1.5749458e+002
 -1.5778598e+002
 -1.5786152e+002
 -1.5790161e+002
 -1.5835181e+002
 -1.5828551e+002
 -1.5848594e+002
 -1.5897623e+002
 -1.5888372e+002
 -1.5918128e+002
 -1.5942180e+002
 -1.5946497e+002
 -1.5973786e+002
 -1.5985812e+002
 -1.6012331e+002
 -1.6019731e+002
 -1.6016339e+002
 -1.6052262e+002
 -1.6030215e+002
 -1.6053342e+002
 -1.6076622e+002
 -1.6054575e+002
 -1.6075235e+002
 -1.6082944e+002
 -1.6073693e+002
 -1.6094661e+002
 -1.6094045e+002
 -1.6120100e+002
 -1.6114858e+002
 -1.6103604e+002
 -1.6128426e+002
 -1.6090498e+002
 -1.6101445e+002
 -1.6119638e+002
 -1.6093736e+002
 -1.6103912e+002
 -1.6103141e+002
 -1.6096203e+002
 -1.6113471e+002
 -1.6119175e+002
 -1.6131818e+002
 -1.6118867e+002
 -1.6117942e+002
 -1.6148315e+002
 -1.6132743e+002
 -1.6147544e+002
 -1.6162191e+002
 -1.6141223e+002
 -1.6156949e+002
 -1.6156486e+002
 -1.6160803e+002
 -1.6164504e+002
 -1.6163424e+002
 -1.6177917e+002
 -1.6158799e+002
 -1.6161112e+002
 -1.6184084e+002
 -1.6162191e+002
 -1.6177763e+002
 -1.6184855e+002
 -1.6168821e+002
 -1.6183005e+002
 -1.6178380e+002
 -1.6190560e+002
 -1.6181771e+002
 -1.6173138e+002
 -1.6197343e+002
 -1.6174988e+002
 -1.6176067e+002
 -1.6202277e+002
 -1.6175913e+002
 -1.6190405e+002
 -1.6187939e+002
 -1.6180075e+002
 -1.6192101e+002
 -1.6183776e+002
 -1.6183005e+002
 -1.6177609e+002
 -1.6177146e+002
 -1.6188401e+002
 -1.6155099e+002
 -1.6169437e+002
 -1.6172058e+002
 -1.6136752e+002
 -1.6148161e+002
 -1.6125343e+002
 -1.6102062e+002
 -1.6107766e+002
 -1.6085565e+002
 -1.6074310e+002
 -1.6039620e+002
 -1.6022352e+002
 -1.6031603e+002
 -1.5977641e+002
 -1.5980262e+002
 -1.5969778e+002
 -1.5936475e+002
 -1.5939096e+002
 -1.5921828e+002
 -1.5911499e+002
 -1.5904252e+002
 -1.5884826e+002
 -1.5883901e+002
 -1.5849519e+002
 -1.5834102e+002
 -1.5846127e+002
 -1.5804037e+002
 -1.5801262e+002
 -1.5786769e+002
 -1.5755009e+002
 -1.5756396e+002
 -1.5741903e+002
 -1.5725561e+002
 -1.5716927e+002
 -1.5699351e+002
 -1.5690717e+002
 -1.5648009e+002
 -1.5638450e+002
 -1.5637680e+002
 -1.5588960e+002
 -1.5582022e+002
 -1.5562287e+002
 -1.5493215e+002
 -1.5511717e+002
 -1.5479648e+002
 -1.5451587e+002
 -1.5431699e+002
 -1.5398550e+002
 -1.5384366e+002
 -1.5352914e+002
 -1.5328400e+002
 -1.5310669e+002
 -1.5283534e+002
 -1.5263183e+002
 -1.5242060e+002
 -1.5216467e+002
 -1.5198582e+002
 -1.5169905e+002
 -1.5145083e+002
 -1.5125194e+002
 -1.5159421e+002
 -1.5133365e+002
 -1.5117948e+002
 -1.5093125e+002
 -1.5087421e+002
 -1.5066761e+002
 -1.5042709e+002
 -1.5026829e+002
 -1.4635681e+002
 -1.4612092e+002
 -1.4586653e+002
 -1.4570156e+002
 -1.4522823e+002
 -1.4494300e+002
 -1.4494454e+002
 -1.4430779e+002
 -1.4412895e+002
 -1.4378051e+002
 -1.4352611e+002
 -1.4312988e+002
 -1.4278452e+002
 -1.4255788e+002
 -1.4211231e+002
 -1.4418599e+002
 -1.4376200e+002
 -1.4340894e+002
 -1.4321622e+002
 -1.4288936e+002
 -1.4252088e+002
 -1.4205372e+002
 -1.4169911e+002
 -1.4137534e+002
 -1.4100531e+002
 -1.4058749e+002
 -1.4033310e+002
 -1.3998774e+002
 -1.3955296e+002
 -1.3934020e+002
 -1.3881754e+002
 -1.3861711e+002
 -1.3842130e+002
 -1.3788014e+002
 -1.3787089e+002
 -1.3750240e+002
 -1.3729735e+002
 -1.3710463e+002
 -1.3685948e+002
 -1.3792948e+002
 -1.3803432e+002
 -1.3792177e+002
 -1.3778147e+002
 -1.3749315e+002
 -1.3730660e+002
 -1.3709538e+002
 -1.3680861e+002
 -1.3663747e+002
 -1.3636149e+002
 -1.3605930e+002
 -1.3586967e+002
 -1.3555052e+002
 -1.3524987e+002
 -1.3508336e+002
 -1.3483514e+002
 -1.3471334e+002
 -1.3453912e+002
 -1.3451753e+002
 -1.3445278e+002
 -1.3438802e+002
 -1.3448207e+002
 -1.3442657e+002
 -1.3436027e+002
 -1.3440190e+002
 -1.3428781e+002
 -1.3428164e+002
 -1.3431710e+002
 -1.3424309e+002
 -1.3423384e+002
 -1.3420301e+002
 -1.3426160e+002
 -1.3424309e+002
 -1.3415521e+002
 -1.3417834e+002
 -1.3418451e+002
 -1.3413671e+002
 -1.3415213e+002
 -1.3411359e+002
 -1.3412592e+002
 -1.3408121e+002
 -1.3411050e+002
 -1.3410588e+002
 -1.3406425e+002
 -1.3409817e+002
 -1.3408429e+002
 -1.3399179e+002
 -1.3404421e+002
 -1.3404112e+002
 -1.3398716e+002
 -1.3397791e+002
 -1.3395324e+002
 -1.3399333e+002
 -1.3395633e+002
 -1.3394091e+002
 -1.3394862e+002
 -1.3384840e+002
 -1.3392857e+002
 -1.3387307e+002
 -1.3374819e+002
 -1.3342133e+002
 -1.3344291e+002
 -1.3338279e+002
 -1.3331803e+002
 -1.3326253e+002
 -1.3326099e+002
 -1.3312068e+002
 -1.3306981e+002
 -1.3299272e+002
 -1.3279691e+002
 -1.3279537e+002
 -1.3265198e+002
 -1.3249781e+002
 -1.3239142e+002
 -1.3227579e+002
 -1.3215862e+002
 -1.3198902e+002
 -1.3185335e+002
 -1.3175621e+002
 -1.3155578e+002
 -1.3142319e+002
 -1.3123664e+002
 -1.3099766e+002
 -1.3086044e+002
 -1.3068777e+002
 -1.3044879e+002
 -1.3023603e+002
 -1.2994771e+002
 -1.2992921e+002
 -1.2975808e+002
 -1.2973187e+002
 -2.4168330e+000
 -2.9024917e+000
 -3.0289171e+000
 -3.1121729e+000
 -3.4729479e+000
 -3.3943174e+000
 -3.5639125e+000
 -3.6117075e+000
 -3.6502518e+000
 -3.6564189e+000
 -3.6656696e+000
 -3.6887962e+000
 -3.5299935e+000
 -3.3619402e+000
 -3.5562037e+000
 -3.3557731e+000
 -5.7886917e+000
 -5.6730587e+000
 -5.3986230e+000
 -5.3230761e+000
 -5.3014913e+000
 -5.0717670e+000
 -4.9653847e+000
 -4.8389592e+000
 -4.7310351e+000
 -4.5691489e+000
 -4.4843513e+000
 -3.9000192e+000
 -4.7495364e+000
 -4.9129644e+000
 -5.0810177e+000
 -5.5080889e+000
 -5.7563145e+000
 -6.1587174e+000
 -6.4794063e+000
 -6.8448066e+000
 -7.3350906e+000
 -7.6234022e+000
 -8.0797672e+000
 -8.4914207e+000
 -8.8414033e+000
 -9.4072342e+000
 -6.2105053e+001
 -6.2855897e+001
 -6.3392434e+001
 -6.4104734e+001
 -6.4775405e+001
 -6.5318109e+001
 -6.5828436e+001
 -6.6109039e+001
 -6.6588531e+001
 -6.6839840e+001
 -6.7034103e+001
 -6.7533638e+001
 -6.7595309e+001
 -6.7678565e+001
 -6.7878995e+001
 -6.7754112e+001
 -6.7789572e+001
 -6.7767988e+001
 -6.8813310e+001
 -6.8716178e+001
 -6.8739305e+001
 -6.8770140e+001
 -6.8693052e+001
 -6.8770140e+001
 -6.8750097e+001
 -6.8689968e+001
 -6.8782474e+001
 -6.8706928e+001
 -6.8668383e+001
 -6.8671467e+001
 -6.8663758e+001
 -6.8708469e+001
 -6.8609796e+001
 -6.8608254e+001
 -6.8608254e+001
 -6.8541958e+001
 -6.8583586e+001
 -6.8594378e+001
 -6.8555834e+001
 -6.8588211e+001
 -6.8575877e+001
 -6.8566626e+001
 -6.8549667e+001
 -6.8551208e+001
 -6.8586669e+001
 -6.8535791e+001
 -6.8562001e+001
 -6.8543500e+001
 -6.8483370e+001
 -6.8554292e+001
 -6.8511122e+001
 -6.8492621e+001
 -6.8526540e+001
 -6.8483370e+001
 -6.8464869e+001
 -6.8409365e+001
 -6.8511122e+001
 -6.8472578e+001
 -6.8338444e+001
 -6.8440201e+001
 -6.8403198e+001
 -6.8344611e+001
 -6.8407824e+001
 -6.8329193e+001
 -6.8347694e+001
 -6.8344611e+001
 -6.8296816e+001
 -6.8363112e+001
 -6.8253646e+001
 -6.8304525e+001
 -6.8313775e+001
 -6.8171932e+001
 -6.8242854e+001
 -6.8238228e+001
 -6.8185808e+001
 -6.8250563e+001
 -6.8201226e+001
 -6.8253646e+001
 -6.8184266e+001
 -6.8218185e+001
 -6.8244396e+001
 -6.8187350e+001
 -6.8167307e+001
 -6.8170390e+001
 -6.8147264e+001
 -6.8215102e+001
 -6.8139555e+001
 -6.8165765e+001
 -6.8198142e+001
 -6.8119512e+001
 -6.8181183e+001
 -6.8170390e+001
 -6.8162682e+001
 -6.8181183e+001
 -6.8145722e+001
 -6.8224352e+001
 -6.8154973e+001
 -6.8096385e+001
 -6.8249021e+001
 -6.8165765e+001
 -6.8167307e+001
 -6.8310692e+001
 -6.8276773e+001
 -6.8384697e+001
 -6.8409365e+001
 -6.8512664e+001
 -6.8602087e+001
 -6.8659133e+001
 -6.8791725e+001
 -6.8856480e+001
 -6.8882690e+001
 -6.9143249e+001
 -6.9204920e+001
 -6.9306677e+001
 -6.9527151e+001
 -6.9536402e+001
 -6.9616574e+001
 -6.9562612e+001
 -6.9605782e+001
 -6.9584197e+001
 -6.9514817e+001
 -6.9605782e+001
 -6.9527151e+001
 -6.9493232e+001
 -6.9598073e+001
 -6.9562612e+001
 -6.9544111e+001
 -6.9635075e+001
 -6.9696746e+001
 -6.9818546e+001
 -6.9991225e+001
 -7.0236367e+001
 -7.0516970e+001
 -7.0698899e+001
 -7.1149097e+001
 -7.1451284e+001
 -7.1805892e+001
 -7.2385599e+001
 -7.1693343e+001
 -8.4961846e+001
 -8.5987125e+001
 -8.6073465e+001
 -8.6051880e+001
 -8.6133594e+001
 -8.6118176e+001
 -8.6076548e+001
 -8.6108925e+001
 -8.6071923e+001
 -8.5967082e+001
 -8.5999459e+001
 -8.6030295e+001
 -8.5993292e+001
 -8.6051880e+001
 -8.6095049e+001
 -8.6042629e+001
 -8.6036462e+001
 -8.6098133e+001
 -8.6098133e+001
 -8.6070381e+001
 -8.6179847e+001
 -8.6158262e+001
 -8.6087341e+001
 -8.6213766e+001
 -8.6161346e+001
 -8.6135136e+001
 -8.6178305e+001
 -8.6178305e+001
 -8.6142844e+001
 -8.6118176e+001
 -8.6546789e+001
 -8.6568374e+001
 -8.6498994e+001
 -8.6520579e+001
 -8.6494369e+001
 -8.6429614e+001
 -8.6514412e+001
 -8.6451199e+001
 -8.6375652e+001
 -8.6401862e+001
 -8.6310898e+001
 -8.6272353e+001
 -8.6264645e+001
 -8.6239976e+001
 -8.6241518e+001
 -8.6124343e+001
 -8.6196806e+001
 -8.6186014e+001
 -8.6078090e+001
